0.52 0.12000 185.04
0.49 0.11960 185.04
0.54 0.11960 185.08
0.47 0.11960 185.08
0.46 0.11890 185.16
0.50 0.11920 185.26
0.54 0.12000 185.26
0.49 0.11960 185.39
0.58 0.11890 185.39
0.64 0.11960 185.58
0.68 0.11920 185.75
0.76 0.11960 185.75
0.77 0.11890 185.89
0.86 0.11890 185.89
0.90 0.11890 186.04
1.05 0.11960 186.04
1.12 0.11920 186.16
1.19 0.11890 186.30
1.31 0.11920 186.30
1.41 0.11920 186.45
1.56 0.11890 186.45
1.70 0.11920 186.64
1.73 0.11920 186.64
1.87 0.11920 186.77
2.00 0.11960 186.95
2.11 0.11960 186.95
2.26 0.11920 187.13
2.34 0.11920 187.13
2.46 0.11960 187.30
2.53 0.12000 187.52
2.65 0.11920 187.52
2.70 0.11920 187.71
2.81 0.11920 187.71
2.92 0.11890 187.93
3.02 0.12000 188.15
3.06 0.11920 188.15
3.17 0.11960 188.39
3.26 0.12000 188.39
3.33 0.11960 188.60
3.39 0.11920 188.60
3.47 0.11960 188.80
3.59 0.12000 189.05
3.68 0.11890 189.05
3.69 0.11920 189.25
3.75 0.11920 189.25
3.85 0.11960 189.49
3.94 0.11920 189.49
3.97 0.11890 189.75
4.00 0.12000 189.98
4.11 0.12000 189.98
4.13 0.11890 190.16
4.30 0.11960 190.34
4.26 0.11920 190.34
4.41 0.12000 190.49
4.44 0.11920 190.49
4.49 0.11960 190.58
4.58 0.12000 190.74
4.56 0.11920 190.74
4.68 0.11960 190.84
4.71 0.11960 190.84
4.85 0.11920 190.98
4.86 0.12000 191.10
4.96 0.11960 191.10
4.97 0.11890 191.16
5.01 0.11920 191.16
5.07 0.11920 191.24
5.11 0.11890 191.24
5.17 0.11960 191.27
5.30 0.11920 191.29
5.31 0.11960 191.29
5.38 0.11960 191.25
5.42 0.11890 191.25
5.49 0.11960 191.25
5.56 0.12040 191.25
5.59 0.11960 191.25
5.60 0.11960 191.18
5.73 0.11920 191.18
5.71 0.12000 191.09
5.86 0.12000 191.09
5.81 0.11960 190.95
5.89 0.12040 190.77
5.96 0.12000 190.77
6.04 0.11960 190.64
6.11 0.12080 190.54
6.16 0.12000 190.54
6.24 0.11960 190.44
6.28 0.11960 190.44
6.35 0.12040 190.35
6.30 0.12000 190.35
6.40 0.12040 190.27
6.50 0.12110 190.13
6.46 0.11960 190.13
6.53 0.12000 189.99
6.58 0.12080 189.99
6.64 0.12040 189.81
6.72 0.12150 189.66
6.76 0.12080 189.66
6.82 0.12040 189.51
6.90 0.12080 189.40
6.90 0.12110 189.40
7.00 0.12110 189.31
7.01 0.12080 189.31
7.11 0.12080 189.21
7.13 0.12110 189.21
7.20 0.12150 189.10
7.28 0.12230 188.94
7.36 0.12190 188.94
7.36 0.12190 188.79
7.44 0.12150 188.79
7.44 0.12230 188.63
7.47 0.12260 188.46
7.55 0.12230 188.46
7.58 0.12230 188.29
7.72 0.12260 188.29
7.73 0.12260 188.14
7.76 0.12340 188.01
7.79 0.12260 188.01
7.90 0.12230 187.85
7.89 0.12230 187.85
7.95 0.12300 187.77
8.02 0.12340 187.69
8.04 0.12230 187.69
8.16 0.12260 187.63
8.15 0.12230 187.63
8.25 0.12260 187.55
8.28 0.12340 187.48
8.36 0.12300 187.48
8.33 0.12260 187.41
8.48 0.12260 187.41
8.50 0.12300 187.36
8.51 0.12300 187.27
8.59 0.12260 187.27
8.65 0.12260 187.20
8.69 0.12260 187.20
8.74 0.12260 187.10
8.83 0.12260 187.10
8.84 0.12260 187.05
8.89 0.12230 187.01
8.99 0.12260 187.01
9.05 0.12190 186.98
9.03 0.12230 186.98
9.08 0.12230 186.95
9.14 0.12230 186.95
9.22 0.12230 186.93
9.31 0.12230 186.93
9.37 0.12190 186.93
9.36 0.12230 186.95
9.43 0.12190 186.95
9.49 0.12150 187.00
9.50 0.12110 187.02
9.60 0.12230 187.02
9.62 0.12110 187.06
9.69 0.12110 187.06
9.76 0.12190 187.05
9.81 0.12190 187.05
9.83 0.12190 187.06
9.89 0.12230 187.05
9.89 0.12190 187.05
9.99 0.12230 187.04
9.98 0.12110 187.04
10.12 0.12110 187.04
10.19 0.12230 187.10
10.22 0.12150 187.10
10.20 0.12230 187.18
10.33 0.12230 187.18
10.32 0.12190 187.30
10.41 0.12230 187.30
10.40 0.12190 187.39
10.44 0.12300 187.44
10.53 0.12260 187.44
10.65 0.12340 187.48
10.63 0.12300 187.48
10.75 0.12340 187.52
10.71 0.12300 187.52
10.79 0.12380 187.59
10.89 0.12450 187.64
10.90 0.12410 187.64
11.00 0.12450 187.73
11.04 0.12450 187.73
11.06 0.12520 187.76
11.12 0.12560 187.84
11.20 0.12490 187.84
11.24 0.12520 187.86
11.30 0.12600 187.86
11.32 0.12680 187.85
11.36 0.12750 187.84
11.42 0.12710 187.84
11.50 0.12750 187.80
11.51 0.12790 187.80
11.59 0.12900 187.75
11.61 0.12900 187.75
11.71 0.12970 187.74
11.75 0.13050 187.75
11.74 0.13090 187.75
11.78 0.13120 187.77
11.90 0.13200 187.77
11.90 0.13240 187.71
11.97 0.13390 187.63
11.99 0.13310 187.63
12.08 0.13460 187.50
12.12 0.13570 187.41
12.14 0.13500 187.41
12.28 0.13570 187.31
12.24 0.13730 187.31
12.39 0.13800 187.23
12.36 0.13840 187.23
12.43 0.13880 187.14
12.48 0.13950 187.05
12.58 0.13910 187.05
12.60 0.14020 186.96
12.66 0.14100 186.83
12.75 0.14060 186.83
12.70 0.14060 186.69
12.84 0.14140 186.69
12.86 0.14140 186.55
12.92 0.14140 186.55
12.98 0.14140 186.41
12.95 0.14140 186.24
13.05 0.14020 186.24
13.13 0.14100 186.14
13.20 0.14020 186.14
13.18 0.14060 186.04
13.22 0.14060 185.96
13.34 0.13990 185.96
13.37 0.13950 185.83
13.40 0.13910 185.83
13.44 0.13840 185.71
13.50 0.13800 185.59
13.55 0.13730 185.59
13.63 0.13690 185.50
13.67 0.13690 185.50
13.72 0.13610 185.39
13.80 0.13540 185.39
13.77 0.13420 185.31
13.85 0.13460 185.21
13.88 0.13350 185.21
14.02 0.13270 185.19
13.97 0.13200 185.19
14.12 0.13160 185.14
14.08 0.13160 185.06
14.14 0.13120 185.06
14.20 0.13050 184.95
14.27 0.13050 184.95
14.37 0.13010 184.83
14.34 0.12860 184.76
14.47 0.12900 184.76
14.43 0.12900 184.71
14.53 0.12860 184.71
14.57 0.12860 184.64
14.64 0.12860 184.59
14.66 0.12790 184.59
14.74 0.12750 184.59
14.75 0.12790 184.59
14.82 0.12710 184.50
14.94 0.12820 184.40
14.90 0.12680 184.40
14.98 0.12710 184.36
15.10 0.12750 184.36
15.13 0.12750 184.36
15.12 0.12790 184.35
15.18 0.12790 184.35
15.26 0.12820 184.31
15.30 0.12940 184.31
15.32 0.12940 184.24
15.37 0.12900 184.24
15.42 0.12970 184.18
15.56 0.13010 184.14
15.55 0.13010 184.14
15.64 0.13090 184.09
15.65 0.13160 184.09
15.73 0.13200 183.99
15.71 0.13240 183.99
15.85 0.13270 183.94
15.91 0.13460 183.93
15.89 0.13420 183.93
15.98 0.13570 183.94
16.01 0.13730 183.98
16.11 0.13730 183.98
16.07 0.13840 184.00
16.16 0.13910 184.00
16.18 0.13990 183.99
16.28 0.14140 183.98
16.30 0.14170 183.98
16.39 0.14320 183.96
16.46 0.14440 183.96
16.46 0.14590 183.99
16.54 0.14700 184.06
16.56 0.14850 184.06
16.66 0.14960 184.09
16.70 0.15070 184.09
16.76 0.15230 184.08
16.75 0.15410 184.05
16.87 0.15560 184.05
16.93 0.15640 184.06
16.97 0.15790 184.06
16.97 0.15900 184.10
17.00 0.16240 184.16
17.09 0.16280 184.16
17.19 0.16420 184.25
17.21 0.16720 184.25
17.28 0.16840 184.27
17.30 0.17100 184.27
17.39 0.17100 184.27
17.44 0.17330 184.33
17.45 0.17510 184.33
17.52 0.17660 184.30
17.57 0.17920 184.29
17.65 0.17960 184.29
17.62 0.18110 184.29
17.72 0.18220 184.29
17.79 0.18370 184.29
17.78 0.18490 184.29
17.82 0.18490 184.29
17.88 0.18450 184.31
18.02 0.18520 184.31
17.99 0.18490 184.34
18.04 0.18520 184.38
18.10 0.18490 184.38
18.16 0.18450 184.40
18.25 0.18300 184.45
18.23 0.18220 184.45
18.35 0.18110 184.54
18.38 0.17960 184.54
18.43 0.17850 184.61
18.45 0.17700 184.61
18.54 0.17550 184.70
18.57 0.17330 184.76
18.61 0.17100 184.76
18.65 0.17020 184.79
18.76 0.16840 184.79
18.77 0.16650 184.79
18.83 0.16420 184.83
18.93 0.16280 184.83
18.88 0.16050 184.93
19.02 0.15900 185.06
18.99 0.15640 185.06
19.13 0.15520 185.15
19.15 0.15380 185.15
19.23 0.15190 185.27
19.20 0.15110 185.38
19.31 0.14890 185.38
19.33 0.14810 185.49
19.39 0.14660 185.49
19.46 0.14590 185.63
19.50 0.14400 185.74
19.53 0.14320 185.74
19.60 0.14290 185.91
19.64 0.14140 185.91
19.69 0.14170 186.09
19.70 0.14020 186.09
19.77 0.14020 186.24
19.88 0.13990 186.24
19.94 0.13950 186.36
19.95 0.14020 186.44
19.96 0.13880 186.44
20.07 0.13910 186.51
20.07 0.13950 186.51
20.20 0.13950 186.52
20.16 0.14020 186.52
20.30 0.13990 186.56
20.31 0.14140 186.61
20.32 0.14100 186.61
20.40 0.14210 186.65
20.45 0.14290 186.71
20.54 0.14360 186.71
20.53 0.14440 186.70
20.66 0.14550 186.70
20.65 0.14660 186.66
20.71 0.14740 186.66
20.76 0.14890 186.64
20.84 0.15070 186.65
20.86 0.15190 186.65
20.96 0.15380 186.64
20.97 0.15450 186.64
21.02 0.15640 186.65
21.06 0.15750 186.65
21.10 0.15970 186.66
21.21 0.16160 186.63
21.28 0.16310 186.63
21.24 0.16540 186.58
21.31 0.16720 186.58
21.36 0.16950 186.49
21.45 0.17210 186.39
21.51 0.17470 186.39
21.58 0.17620 186.29
21.62 0.17920 186.29
21.63 0.18220 186.19
21.66 0.18520 186.06
21.72 0.18750 186.06
21.80 0.18940 185.99
21.80 0.19310 185.99
21.94 0.19540 185.96
21.97 0.20030 185.88
21.98 0.20140 185.88
22.05 0.20590 185.75
22.07 0.21070 185.71
22.12 0.21150 185.71
22.24 0.21670 185.75
22.24 0.21970 185.75
22.27 0.22310 185.79
22.38 0.22610 185.79
22.42 0.22910 185.80
22.43 0.23480 185.80
22.49 0.23660 185.79
22.56 0.24190 185.80
22.61 0.24450 185.80
22.65 0.24820 185.81
22.72 0.25130 185.77
22.74 0.25350 185.77
22.82 0.25580 185.71
22.86 0.25840 185.71
22.96 0.26100 185.66
23.00 0.26290 185.66
23.05 0.26360 185.66
23.09 0.26510 185.71
23.11 0.26510 185.71
23.13 0.26510 185.75
23.21 0.26510 185.75
23.25 0.26400 185.75
23.32 0.26360 185.76
23.33 0.26100 185.76
23.39 0.26030 185.86
23.49 0.25760 185.86
23.51 0.25610 185.94
23.56 0.25350 186.01
23.61 0.25090 186.01
23.68 0.24710 186.11
23.70 0.24260 186.11
23.82 0.24040 186.21
23.87 0.23550 186.21
23.84 0.23210 186.21
23.95 0.22840 186.15
24.02 0.22570 186.15
24.09 0.22090 186.13
24.05 0.21520 186.13
24.17 0.21150 186.18
24.21 0.20700 186.23
24.25 0.20400 186.23
24.24 0.20030 186.25
24.36 0.19650 186.25
24.40 0.19310 186.30
24.44 0.19090 186.36
24.52 0.18670 186.36
24.56 0.18370 186.44
24.59 0.18110 186.51
24.63 0.17810 186.51
24.72 0.17620 186.54
24.71 0.17440 186.54
24.84 0.17250 186.52
24.91 0.17100 186.54
24.87 0.16870 186.54
24.93 0.16800 186.56
24.97 0.16690 186.56
25.10 0.16650 186.58
25.11 0.16610 186.54
25.19 0.16460 186.54
25.15 0.16420 186.49
25.25 0.16610 186.40
25.36 0.16540 186.40
25.38 0.16540 186.33
25.42 0.16650 186.31
25.47 0.16720 186.31
25.56 0.16800 186.31
25.60 0.16910 186.31
25.58 0.16990 186.34
25.69 0.17100 186.34
25.72 0.17360 186.34
25.76 0.17470 186.27
25.78 0.17660 186.27
25.85 0.17810 186.19
25.92 0.18110 186.09
25.99 0.18190 186.09
26.03 0.18520 185.98
26.11 0.18750 185.98
26.13 0.19010 185.88
26.21 0.19390 185.88
26.22 0.19650 185.77
26.28 0.20060 185.69
26.36 0.20250 185.69
26.35 0.20620 185.61
26.42 0.20920 185.51
26.52 0.21260 185.51
26.54 0.21670 185.40
26.60 0.21970 185.40
26.63 0.22460 185.29
26.67 0.22800 185.29
26.70 0.23290 185.21
26.79 0.23590 185.11
26.84 0.24070 185.11
26.86 0.24450 185.02
26.99 0.25050 185.02
26.96 0.25580 184.96
27.02 0.26100 184.90
27.07 0.26630 184.90
27.19 0.27070 184.76
27.16 0.27640 184.76
27.27 0.28050 184.66
27.33 0.28840 184.56
27.35 0.29400 184.56
27.41 0.29850 184.44
27.46 0.30520 184.44
27.47 0.31010 184.33
27.51 0.31690 184.23
27.62 0.32140 184.23
27.61 0.32740 184.20
27.69 0.33110 184.20
27.76 0.33860 184.18
27.83 0.34460 184.18
27.84 0.34800 184.16
27.87 0.35440 184.15
27.98 0.35810 184.15
27.99 0.36260 184.11
28.09 0.36560 184.11
28.11 0.36970 184.08
28.15 0.37310 184.08
28.20 0.37460 184.08
28.28 0.37730 184.10
28.36 0.37730 184.16
28.33 0.37730 184.16
28.40 0.37800 184.19
28.42 0.37840 184.18
28.56 0.37690 184.18
28.60 0.37540 184.24
28.64 0.37280 184.24
28.65 0.37010 184.27
28.70 0.36710 184.34
28.77 0.36410 184.34
28.79 0.36040 184.43
28.86 0.35700 184.43
28.97 0.35170 184.49
28.98 0.34500 184.49
29.07 0.34090 184.52
29.09 0.33410 184.56
29.18 0.32850 184.56
29.16 0.32250 184.58
29.22 0.31730 184.65
29.31 0.30980 184.65
29.30 0.30490 184.68
29.42 0.29850 184.68
29.45 0.29060 184.66
29.46 0.28570 184.66
29.50 0.27830 184.66
29.55 0.27340 184.66
29.66 0.26770 184.66
29.70 0.26400 184.66
29.77 0.25760 184.68
29.76 0.25200 184.68
29.89 0.24790 184.63
29.87 0.24300 184.63
30.00 0.24070 184.58
29.95 0.23660 184.58
30.08 0.23480 184.52
30.11 0.23060 184.45
30.16 0.22910 184.45
30.21 0.22690 184.45
30.30 0.22430 184.45
30.28 0.22350 184.39
30.39 0.22240 184.39
30.41 0.22120 184.36
30.41 0.22160 184.38
30.49 0.22160 184.38
30.58 0.22120 184.43
30.65 0.22270 184.43
30.68 0.22310 184.52
30.72 0.22430 184.59
30.79 0.22570 184.59
30.84 0.22690 184.66
30.85 0.22950 184.66
30.92 0.23140 184.81
30.97 0.23400 184.93
31.07 0.23620 184.93
31.07 0.24000 185.01
31.17 0.24300 185.01
31.14 0.24710 185.13
31.26 0.25090 185.20
31.23 0.25420 185.20
31.37 0.25800 185.30
31.39 0.26360 185.39
31.39 0.26810 185.39
31.51 0.27150 185.48
31.48 0.27680 185.48
31.58 0.28130 185.63
31.59 0.28800 185.63
31.69 0.29290 185.79
31.76 0.30070 185.94
31.81 0.30520 185.94
31.87 0.31240 186.11
31.84 0.32060 186.27
31.90 0.32550 186.27
32.00 0.33410 186.43
32.06 0.33940 186.43
32.03 0.34690 186.55
32.10 0.35440 186.63
32.16 0.36300 186.63
32.19 0.37200 186.66
32.27 0.38060 186.65
32.29 0.38890 186.65
32.37 0.39560 186.69
32.36 0.40500 186.69
32.44 0.41210 186.73
32.47 0.42260 186.73
32.50 0.42970 186.73
32.56 0.43990 186.74
32.59 0.45070 186.74
32.63 0.45860 186.75
32.74 0.47030 186.75
32.79 0.47700 186.76
32.76 0.48860 186.79
32.85 0.49500 186.79
32.88 0.50400 186.79
32.91 0.51530 186.79
32.97 0.52240 186.83
33.07 0.53180 186.86
33.06 0.53740 186.86
33.10 0.54490 186.85
33.13 0.55010 186.85
33.21 0.55650 186.80
33.24 0.56020 186.80
33.35 0.56630 186.75
33.39 0.57190 186.68
33.43 0.57410 186.68
33.41 0.57790 186.61
33.52 0.57940 186.61
33.57 0.57980 186.56
33.55 0.58160 186.45
33.68 0.58130 186.45
33.67 0.58050 186.33
33.74 0.57940 186.33
33.78 0.57670 186.25
33.81 0.57450 186.18
33.84 0.56960 186.18
33.90 0.56740 186.11
33.92 0.56140 186.11
34.02 0.55730 186.02
34.07 0.55050 185.93
34.08 0.54150 185.93
