0.33 0.12040 161.14
0.35 0.11960 161.14
0.37 0.12000 161.16
0.32 0.11960 161.16
0.31 0.11920 161.20
0.40 0.11960 161.24
0.40 0.11960 161.24
0.38 0.11960 161.25
0.38 0.11920 161.25
0.51 0.12000 161.25
0.54 0.12000 161.23
0.55 0.11920 161.23
0.69 0.11960 161.26
0.66 0.12040 161.30
0.79 0.12000 161.30
0.88 0.12000 161.36
1.00 0.11960 161.36
1.06 0.11960 161.38
1.13 0.11920 161.45
1.33 0.11920 161.45
1.34 0.12000 161.50
1.46 0.11960 161.50
1.59 0.11960 161.54
1.77 0.11960 161.54
1.84 0.11960 161.60
1.93 0.12040 161.66
2.10 0.11960 161.66
2.20 0.11920 161.74
2.26 0.12000 161.74
2.36 0.11920 161.80
2.44 0.11960 161.80
2.60 0.11960 161.90
2.70 0.11960 162.01
2.82 0.12000 162.01
2.83 0.11960 162.10
2.94 0.11960 162.10
2.99 0.11850 162.21
3.09 0.11960 162.30
3.18 0.11920 162.30
3.21 0.11960 162.38
3.30 0.11920 162.38
3.43 0.11890 162.45
3.53 0.11960 162.50
3.52 0.11920 162.50
3.67 0.11960 162.52
3.67 0.11920 162.52
3.80 0.11920 162.52
3.81 0.11960 162.49
3.94 0.12000 162.49
3.96 0.11920 162.41
4.07 0.11890 162.41
4.13 0.11890 162.38
4.19 0.12000 162.33
4.20 0.12000 162.33
4.29 0.11960 162.27
4.36 0.11920 162.27
4.38 0.11890 162.25
4.42 0.12000 162.19
4.51 0.11960 162.19
4.60 0.11960 162.16
4.65 0.11920 162.16
4.72 0.11920 162.11
4.81 0.12080 162.06
4.80 0.11960 162.06
4.93 0.11960 161.99
4.92 0.11960 161.99
5.03 0.11920 161.91
5.08 0.12040 161.84
5.12 0.11960 161.84
5.13 0.11960 161.79
5.22 0.12040 161.74
5.33 0.12000 161.74
5.30 0.11960 161.70
5.44 0.12000 161.70
5.47 0.11960 161.70
5.55 0.12000 161.70
5.59 0.11960 161.70
5.57 0.12080 161.73
5.71 0.12040 161.73
5.67 0.12040 161.69
5.73 0.12040 161.69
5.89 0.12080 161.68
5.85 0.12040 161.68
5.98 0.12040 161.65
6.04 0.12110 161.59
6.07 0.12080 161.59
6.06 0.12150 161.49
6.15 0.12110 161.49
6.16 0.12110 161.41
6.30 0.12190 161.33
6.29 0.12190 161.33
6.41 0.12110 161.24
6.39 0.12150 161.24
6.48 0.12110 161.15
6.58 0.12190 161.09
6.57 0.12190 161.09
6.64 0.12260 161.02
6.66 0.12260 161.02
6.76 0.12300 160.93
6.85 0.12380 160.83
6.80 0.12230 160.83
6.92 0.12300 160.73
6.92 0.12410 160.59
7.01 0.12410 160.59
7.05 0.12380 160.46
7.06 0.12340 160.46
7.16 0.12490 160.33
7.21 0.12490 160.33
7.31 0.12450 160.15
7.34 0.12520 159.99
7.37 0.12520 159.99
7.46 0.12450 159.84
7.46 0.12490 159.84
7.58 0.12450 159.76
7.56 0.12680 159.68
7.67 0.12520 159.68
7.68 0.12520 159.59
7.74 0.12560 159.59
7.73 0.12560 159.52
7.80 0.12520 159.50
7.87 0.12490 159.50
7.94 0.12490 159.46
8.04 0.12560 159.46
7.99 0.12600 159.41
8.09 0.12640 159.40
8.09 0.12560 159.40
8.20 0.12600 159.40
8.21 0.12600 159.40
8.34 0.12520 159.39
8.32 0.12560 159.38
8.42 0.12560 159.38
8.47 0.12490 159.40
8.51 0.12520 159.40
8.56 0.12490 159.43
8.57 0.12520 159.44
8.64 0.12490 159.44
8.65 0.12490 159.48
8.73 0.12410 159.48
8.82 0.12450 159.52
8.87 0.12490 159.59
8.90 0.12450 159.59
8.94 0.12410 159.61
8.97 0.12450 159.61
9.06 0.12450 159.65
9.10 0.12410 159.65
9.20 0.12450 159.68
9.27 0.12520 159.66
9.26 0.12380 159.66
9.30 0.12490 159.64
9.36 0.12490 159.64
9.41 0.12450 159.61
9.49 0.12520 159.61
9.48 0.12450 159.58
9.56 0.12490 159.58
9.65 0.12450 159.55
9.68 0.12450 159.51
9.78 0.12450 159.51
9.78 0.12490 159.46
9.80 0.12520 159.46
9.90 0.12450 159.43
9.98 0.12640 159.35
9.97 0.12560 159.35
10.08 0.12560 159.25
10.05 0.12560 159.25
10.19 0.12600 159.16
10.16 0.12680 159.16
10.22 0.12710 159.05
10.32 0.12790 158.93
10.38 0.12790 158.93
10.40 0.12790 158.80
10.42 0.12820 158.80
10.48 0.12940 158.66
10.60 0.12970 158.66
10.56 0.13010 158.51
10.62 0.13120 158.34
10.69 0.13120 158.34
10.81 0.13160 158.24
10.87 0.13270 158.24
10.86 0.13270 158.11
10.92 0.13350 158.00
11.01 0.13460 158.00
11.01 0.13540 157.86
11.06 0.13610 157.86
11.09 0.13650 157.74
11.18 0.13730 157.74
11.22 0.13840 157.63
11.24 0.14020 157.54
11.37 0.14060 157.54
11.34 0.14100 157.43
11.46 0.14250 157.43
11.44 0.14250 157.33
11.49 0.14510 157.25
11.55 0.14550 157.25
11.64 0.14660 157.14
11.65 0.14770 157.14
11.75 0.14960 157.04
11.74 0.15040 157.04
11.79 0.15110 156.96
11.87 0.15380 156.91
11.97 0.15450 156.91
11.93 0.15640 156.83
12.03 0.15640 156.83
12.09 0.15820 156.77
12.16 0.16090 156.74
12.22 0.16160 156.74
12.24 0.16310 156.70
12.34 0.16420 156.70
12.35 0.16540 156.64
12.40 0.16570 156.64
12.50 0.16650 156.61
12.53 0.16870 156.58
12.52 0.16760 156.58
12.58 0.16800 156.54
12.62 0.16800 156.54
12.74 0.16870 156.50
12.76 0.16910 156.49
12.84 0.16840 156.49
12.88 0.16800 156.44
12.88 0.16720 156.44
12.95 0.16690 156.41
13.07 0.16650 156.40
13.05 0.16500 156.40
13.09 0.16420 156.40
13.17 0.16390 156.40
13.25 0.16310 156.35
13.27 0.16200 156.35
13.33 0.16090 156.34
13.41 0.15970 156.34
13.45 0.15750 156.34
13.51 0.15710 156.36
13.51 0.15600 156.36
13.53 0.15490 156.36
13.62 0.15340 156.36
13.69 0.15230 156.36
13.75 0.15150 156.41
13.83 0.14960 156.41
13.79 0.14960 156.44
13.87 0.14850 156.44
13.92 0.14810 156.44
14.00 0.14700 156.50
14.02 0.14550 156.50
14.10 0.14510 156.58
14.11 0.14470 156.58
14.21 0.14400 156.61
14.23 0.14400 156.64
14.31 0.14290 156.64
14.33 0.14210 156.69
14.44 0.14210 156.69
14.38 0.14250 156.71
14.45 0.14210 156.75
14.56 0.14170 156.75
14.55 0.14210 156.84
14.63 0.14250 156.84
14.65 0.14140 156.91
14.80 0.14290 156.98
14.75 0.14210 156.98
14.89 0.14320 157.02
14.90 0.14360 157.02
15.00 0.14440 157.14
15.06 0.14470 157.18
15.08 0.14550 157.18
15.14 0.14590 157.24
15.15 0.14740 157.30
15.17 0.14810 157.30
15.21 0.14920 157.39
15.34 0.15040 157.39
15.33 0.15150 157.45
15.38 0.15380 157.50
15.45 0.15450 157.50
15.55 0.15600 157.55
15.59 0.15790 157.60
15.61 0.15820 157.60
15.70 0.15940 157.59
15.77 0.16200 157.59
15.81 0.16460 157.60
15.82 0.16650 157.63
15.92 0.16840 157.63
15.88 0.16950 157.70
15.97 0.17210 157.70
16.01 0.17400 157.76
16.11 0.17660 157.76
16.10 0.17850 157.85
16.16 0.18150 157.95
16.19 0.18370 157.95
16.30 0.18670 158.04
16.36 0.18970 158.04
16.39 0.19240 158.14
16.42 0.19540 158.20
16.49 0.19800 158.20
16.51 0.20140 158.29
16.57 0.20590 158.29
16.69 0.20850 158.36
16.66 0.21340 158.48
16.78 0.21410 158.48
16.77 0.21860 158.58
16.86 0.22200 158.58
16.84 0.22690 158.64
16.99 0.22990 158.64
16.97 0.23480 158.71
17.04 0.24070 158.79
17.08 0.24370 158.79
17.17 0.24860 158.86
17.17 0.25200 158.86
17.24 0.25610 158.94
17.30 0.26060 159.00
17.40 0.26510 159.00
17.41 0.26930 159.09
17.51 0.27300 159.09
17.47 0.27680 159.19
17.52 0.27970 159.27
17.63 0.28310 159.27
17.62 0.28460 159.31
17.75 0.28690 159.31
17.75 0.28840 159.34
17.87 0.28990 159.34
17.82 0.29100 159.38
17.89 0.29210 159.38
17.95 0.29140 159.38
18.04 0.29100 159.38
18.06 0.29140 159.33
18.11 0.29030 159.33
18.15 0.28880 159.33
18.23 0.28760 159.33
18.28 0.28500 159.36
18.33 0.28460 159.36
18.39 0.28200 159.41
18.40 0.27900 159.48
18.50 0.27750 159.48
18.51 0.27380 159.51
18.56 0.27070 159.51
18.64 0.26660 159.60
18.67 0.26140 159.60
18.70 0.25800 159.64
18.82 0.25280 159.70
18.84 0.24900 159.70
18.89 0.24600 159.75
18.89 0.24340 159.75
19.03 0.23960 159.76
19.06 0.23590 159.83
19.12 0.23290 159.83
19.13 0.22910 159.85
19.23 0.22610 159.85
19.20 0.22240 159.85
19.25 0.22090 159.88
19.34 0.21790 159.88
19.43 0.21600 159.90
19.48 0.21380 159.90
19.47 0.21070 159.90
19.57 0.21000 159.90
19.63 0.20890 159.90
19.67 0.20700 159.90
19.66 0.20660 159.90
19.79 0.20620 159.90
19.78 0.20590 159.90
19.90 0.20590 159.94
19.91 0.20660 159.93
19.91 0.20620 159.93
19.96 0.20660 159.85
20.06 0.20770 159.85
20.07 0.20810 159.75
20.16 0.21040 159.63
20.23 0.21110 159.63
20.29 0.21340 159.51
20.30 0.21560 159.51
20.37 0.21640 159.35
20.46 0.22050 159.25
20.47 0.22200 159.25
20.54 0.22500 159.15
20.56 0.22720 159.15
20.67 0.23100 159.06
20.69 0.23510 159.00
20.71 0.23770 159.00
20.76 0.24190 158.94
20.87 0.24490 158.94
20.87 0.24900 158.89
20.90 0.25280 158.89
20.98 0.25730 158.84
21.04 0.26180 158.76
21.05 0.26700 158.76
21.12 0.27410 158.69
21.21 0.27860 158.65
21.19 0.28310 158.65
21.33 0.28840 158.60
21.31 0.29440 158.60
21.41 0.29930 158.58
21.41 0.30600 158.58
21.52 0.31460 158.55
21.58 0.32060 158.58
21.64 0.32960 158.58
21.66 0.33380 158.66
21.73 0.34280 158.66
21.79 0.34760 158.74
21.74 0.35620 158.74
21.88 0.36300 158.83
21.94 0.37280 158.95
21.99 0.38290 158.95
22.00 0.38930 159.13
22.05 0.39940 159.13
22.07 0.40580 159.27
22.14 0.41630 159.27
22.19 0.42380 159.40
22.26 0.43540 159.46
22.34 0.44780 159.46
22.39 0.45410 159.55
22.44 0.46720 159.64
22.46 0.47400 159.64
22.52 0.48300 159.71
22.52 0.48940 159.71
22.63 0.50100 159.81
22.69 0.50850 159.93
22.77 0.51790 159.93
22.73 0.52690 160.05
22.87 0.53320 160.05
22.90 0.54110 160.20
22.88 0.54560 160.20
22.97 0.55310 160.38
23.05 0.55800 160.51
23.06 0.56180 160.51
23.08 0.56740 160.63
23.16 0.57080 160.63
23.22 0.57380 160.77
23.28 0.57670 160.80
23.36 0.57860 160.80
23.42 0.57860 160.84
23.42 0.57860 160.84
23.48 0.57820 160.89
23.59 0.57790 160.93
23.62 0.57380 160.93
23.67 0.57190 160.96
23.71 0.56590 160.96
23.73 0.56250 160.94
23.73 0.55650 160.94
23.85 0.55160 160.94
23.91 0.54450 160.91
23.94 0.53660 160.91
23.99 0.53180 160.95
24.08 0.52390 160.95
24.06 0.51860 160.96
24.18 0.51070 160.95
24.20 0.50510 160.95
24.27 0.49690 160.93
24.25 0.49200 160.93
24.40 0.48370 160.90
24.44 0.47330 160.85
24.46 0.46720 160.85
24.47 0.45940 160.79
24.53 0.45410 160.79
24.60 0.44810 160.68
24.67 0.44360 160.68
24.72 0.43730 160.52
24.71 0.43200 160.41
24.78 0.42940 160.41
24.89 0.42560 160.29
24.93 0.42340 160.29
24.93 0.42040 160.13
24.97 0.41930 160.04
25.02 0.41700 160.04
25.11 0.41510 159.88
25.14 0.41400 159.88
25.25 0.41400 159.74
25.27 0.41590 159.74
25.35 0.41660 159.61
25.39 0.41930 159.52
25.38 0.42150 159.52
25.46 0.42410 159.43
25.56 0.42790 159.43
25.62 0.43280 159.35
25.63 0.43650 159.30
25.67 0.44030 159.30
25.70 0.44470 159.20
25.74 0.45070 159.20
25.84 0.45560 159.11
25.88 0.46310 159.11
25.96 0.46760 159.01
26.00 0.47770 158.99
26.07 0.48750 158.99
26.06 0.49350 158.95
26.12 0.50480 158.93
26.16 0.51040 158.93
26.21 0.52130 158.90
26.29 0.52950 158.90
26.40 0.54150 158.91
26.38 0.55690 158.94
26.41 0.56510 158.94
26.46 0.57790 158.94
26.59 0.58800 158.94
26.57 0.60380 159.00
26.60 0.61390 159.02
26.65 0.62930 159.02
26.77 0.64130 159.05
26.81 0.65780 159.05
26.89 0.67760 159.11
26.95 0.69260 159.13
26.98 0.71180 159.13
27.01 0.72490 159.11
27.01 0.74550 159.08
27.13 0.75670 159.08
27.18 0.77850 159.02
27.22 0.80360 159.02
27.26 0.81940 158.95
27.30 0.84410 158.89
27.37 0.85840 158.89
27.44 0.88310 158.85
27.47 0.90000 158.85
27.53 0.92480 158.79
27.54 0.94200 158.79
27.59 0.96940 158.81
27.70 0.99860 158.81
27.68 1.01440 158.75
27.72 1.04320 158.66
27.78 1.06310 158.66
27.84 1.08790 158.60
27.88 1.10660 158.60
28.02 1.13440 158.54
28.06 1.16620 158.49
28.08 1.18500 158.49
28.13 1.20900 158.39
28.18 1.22850 158.39
28.22 1.25470 158.31
28.31 1.27760 158.20
28.31 1.30050 158.20
28.39 1.31810 158.14
28.46 1.34250 158.14
28.47 1.36870 158.09
28.53 1.38560 158.09
28.57 1.40700 157.99
28.67 1.42420 157.90
28.71 1.44410 157.90
28.74 1.45460 157.85
28.76 1.47410 157.77
28.82 1.48840 157.77
28.86 1.49740 157.74
28.95 1.51010 157.74
28.97 1.51840 157.71
28.99 1.53110 157.66
29.05 1.53670 157.66
29.17 1.54540 157.63
29.19 1.55210 157.63
29.27 1.55920 157.60
29.31 1.56450 157.58
29.32 1.56640 157.58
29.42 1.56820 157.56
29.41 1.56970 157.56
29.52 1.57010 157.56
29.56 1.57090 157.50
29.63 1.57010 157.50
29.62 1.56860 157.48
29.73 1.56940 157.48
29.79 1.56820 157.44
29.80 1.57050 157.46
29.89 1.57010 157.46
29.93 1.57120 157.49
29.94 1.57350 157.49
30.04 1.57540 157.51
30.11 1.57650 157.54
30.07 1.57760 157.54
30.20 1.58020 157.54
30.23 1.58510 157.61
30.29 1.59000 157.61
30.27 1.59670 157.73
30.38 1.60350 157.88
30.46 1.61170 157.88
30.46 1.62600 158.01
30.57 1.63690 158.19
30.54 1.65190 158.19
30.62 1.66420 158.40
30.68 1.68260 158.40
30.68 1.69760 158.66
30.77 1.71860 158.91
30.83 1.73440 158.91
30.91 1.75840 159.18
30.88 1.78420 159.18
30.96 1.80640 159.40
31.02 1.83750 159.40
31.08 1.86190 159.63
31.10 1.89970 159.88
31.13 1.92640 159.88
31.23 1.97020 160.15
31.25 2.01600 160.43
31.34 2.04860 160.43
31.34 2.09250 160.68
31.42 2.13110 160.68
31.42 2.18250 160.93
31.48 2.22300 160.93
31.48 2.28600 161.18
31.55 2.33810 161.40
31.65 2.40560 161.40
31.63 2.48140 161.60
31.76 2.54210 161.60
31.75 2.62800 161.80
31.80 2.69290 161.80
31.84 2.79260 161.98
31.93 2.88860 162.10
31.94 3.00680 162.10
32.03 3.01540 162.18
32.03 3.01540 162.18
32.11 3.01540 162.26
32.12 3.01570 162.26
32.16 3.01540 162.29
32.21 3.01540 162.25
32.22 3.01540 162.25
32.28 3.01540 162.19
32.38 3.01540 162.14
32.37 3.01500 162.14
32.44 3.01570 162.05
32.47 3.01500 162.05
32.57 3.01570 161.96
32.60 3.01500 161.88
32.62 3.01570 161.88
32.65 3.01500 161.76
32.66 3.01390 161.64
32.72 3.01350 161.64
32.82 3.01390 161.49
32.82 3.01350 161.49
32.87 3.01350 161.31
32.93 3.01390 161.11
33.01 3.01390 161.11
32.99 3.01350 160.91
33.11 3.01430 160.91
33.11 3.01390 160.75
33.16 3.01350 160.56
33.21 3.01430 160.56
33.25 3.01430 160.45
33.27 3.01350 160.45
33.34 3.01430 160.31
33.44 3.01350 160.19
33.44 3.01350 160.19
33.51 3.01390 160.06
33.54 3.01350 160.06
33.59 3.01390 159.94
33.63 3.01390 159.80
33.69 3.01390 159.80
33.69 3.01430 159.68
33.79 3.01390 159.68
33.79 3.01350 159.55
33.84 3.01390 159.41
