0.47 0.11890 169.96
0.54 0.11960 169.95
0.49 0.11960 169.95
0.50 0.11960 169.94
0.46 0.11960 169.94
0.54 0.11890 169.93
0.55 0.12000 169.93
0.55 0.11920 169.93
0.58 0.11890 169.95
0.65 0.11920 169.95
0.67 0.11920 169.99
0.70 0.11920 169.99
0.76 0.11920 169.96
0.90 0.12040 169.91
0.97 0.11960 169.91
0.97 0.11920 169.81
1.12 0.11920 169.81
1.26 0.11920 169.73
1.33 0.12000 169.59
1.44 0.11920 169.59
1.50 0.11920 169.45
1.70 0.11920 169.45
1.76 0.11920 169.30
1.87 0.12000 169.23
1.95 0.11890 169.23
2.11 0.11890 169.18
2.25 0.11850 169.18
2.32 0.11850 169.10
2.41 0.11920 168.99
2.55 0.11890 168.99
2.66 0.11920 168.94
2.71 0.11890 168.94
2.80 0.11890 168.90
2.96 0.11890 168.90
2.96 0.11850 168.85
3.10 0.11960 168.83
3.15 0.11890 168.83
3.26 0.11890 168.85
3.32 0.11890 168.85
3.43 0.11920 168.88
3.44 0.11960 168.90
3.55 0.11960 168.90
3.65 0.11890 168.85
3.71 0.11850 168.85
3.75 0.11920 168.83
3.86 0.11920 168.83
3.89 0.11890 168.85
3.93 0.11960 168.86
4.04 0.11920 168.86
4.10 0.11920 168.90
4.23 0.11920 168.90
4.29 0.11960 168.91
4.28 0.11960 168.96
4.36 0.11920 168.96
4.43 0.11890 169.01
4.47 0.11960 169.01
4.53 0.11890 169.04
4.58 0.11960 169.02
4.64 0.11920 169.02
4.77 0.11920 169.06
4.82 0.11920 169.06
4.88 0.11890 169.11
4.89 0.11890 169.11
4.98 0.11960 169.13
5.04 0.12000 169.10
5.15 0.11920 169.10
5.12 0.11890 169.09
5.21 0.11850 169.09
5.31 0.11890 169.05
5.37 0.11960 169.02
5.34 0.11890 169.02
5.44 0.11920 168.95
5.43 0.11960 168.95
5.52 0.11960 168.90
5.60 0.11890 168.90
5.62 0.11920 168.83
5.74 0.12040 168.81
5.75 0.11960 168.81
5.79 0.11960 168.79
5.88 0.11960 168.79
5.92 0.11960 168.80
5.99 0.12040 168.79
6.08 0.12000 168.79
6.08 0.12080 168.80
6.17 0.12040 168.80
6.20 0.12000 168.81
6.25 0.12110 168.81
6.29 0.12110 168.84
6.33 0.12150 168.89
6.46 0.12080 168.89
6.48 0.12150 168.95
6.48 0.12190 168.95
6.60 0.12190 168.98
6.64 0.12260 168.98
6.67 0.12190 168.95
6.71 0.12380 168.93
6.82 0.12300 168.93
6.89 0.12340 168.93
6.84 0.12300 168.93
6.94 0.12340 168.94
7.03 0.12450 168.98
7.06 0.12410 168.98
7.07 0.12450 169.02
7.14 0.12490 169.02
7.18 0.12490 169.00
7.30 0.12560 169.01
7.31 0.12520 169.01
7.34 0.12600 169.00
7.45 0.12600 169.00
7.45 0.12490 169.02
7.53 0.12680 169.00
7.51 0.12560 169.00
7.61 0.12560 168.98
7.69 0.12640 168.98
7.76 0.12710 168.96
7.76 0.12710 168.96
7.80 0.12600 168.96
7.92 0.12600 168.91
7.88 0.12680 168.91
7.97 0.12680 168.86
8.02 0.12680 168.80
8.07 0.12680 168.80
8.10 0.12680 168.73
8.14 0.12640 168.73
8.21 0.12560 168.65
8.33 0.12710 168.56
8.35 0.12640 168.56
8.39 0.12640 168.49
8.42 0.12640 168.49
8.51 0.12600 168.44
8.55 0.12640 168.39
8.62 0.12490 168.39
8.64 0.12520 168.29
8.75 0.12520 168.29
8.78 0.12520 168.16
8.77 0.12520 168.16
8.89 0.12520 168.05
8.93 0.12560 168.01
9.02 0.12490 168.01
9.02 0.12450 167.95
9.11 0.12450 167.95
9.13 0.12450 167.91
9.18 0.12450 167.91
9.24 0.12450 167.88
9.23 0.12450 167.86
9.32 0.12380 167.86
9.41 0.12340 167.85
9.38 0.12300 167.85
9.47 0.12300 167.83
9.55 0.12380 167.83
9.61 0.12380 167.79
9.59 0.12380 167.79
9.70 0.12380 167.79
9.75 0.12380 167.81
9.82 0.12340 167.81
9.83 0.12410 167.86
9.94 0.12380 167.86
9.92 0.12410 167.89
10.03 0.12490 167.91
10.02 0.12340 167.91
10.10 0.12380 167.99
10.20 0.12410 167.99
10.20 0.12410 168.06
10.27 0.12520 168.09
10.24 0.12520 168.09
10.39 0.12560 168.13
10.34 0.12640 168.13
10.50 0.12640 168.21
10.45 0.12680 168.21
10.59 0.12680 168.31
10.63 0.12860 168.41
10.69 0.12860 168.41
10.75 0.12900 168.51
10.79 0.12940 168.51
10.82 0.13010 168.58
10.89 0.13120 168.64
10.94 0.13050 168.64
10.97 0.13240 168.70
10.98 0.13350 168.75
11.10 0.13350 168.75
11.10 0.13460 168.79
11.21 0.13540 168.79
11.17 0.13610 168.79
11.26 0.13690 168.85
11.26 0.13760 168.85
11.35 0.13880 168.91
11.47 0.13990 168.91
11.45 0.14170 168.96
11.51 0.14360 168.99
11.54 0.14320 168.99
11.61 0.14400 169.08
11.63 0.14660 169.08
11.71 0.14770 169.19
11.82 0.15000 169.25
11.84 0.15110 169.25
11.85 0.15230 169.34
11.91 0.15380 169.34
11.98 0.15490 169.46
12.04 0.15710 169.46
12.06 0.15790 169.55
12.13 0.16010 169.63
12.20 0.16160 169.63
12.21 0.16350 169.73
12.26 0.16540 169.73
12.31 0.16690 169.85
12.43 0.16990 170.00
12.41 0.17020 170.00
12.53 0.17170 170.24
12.55 0.17250 170.24
12.61 0.17360 170.45
12.67 0.17550 170.65
12.70 0.17620 170.65
12.73 0.17700 170.86
12.81 0.17700 170.86
12.84 0.17770 171.09
12.88 0.17770 171.34
12.90 0.17740 171.34
12.96 0.17700 171.56
13.11 0.17660 171.56
13.15 0.17510 171.74
13.13 0.17470 171.88
13.21 0.17360 171.88
13.26 0.17170 172.02
13.30 0.17170 172.02
13.41 0.17020 172.11
13.39 0.16840 172.19
13.48 0.16650 172.19
13.50 0.16540 172.27
13.54 0.16390 172.27
13.63 0.16240 172.33
13.65 0.16090 172.35
13.70 0.15900 172.35
13.71 0.15710 172.39
13.86 0.15560 172.39
13.86 0.15410 172.41
13.93 0.15230 172.41
13.95 0.15040 172.41
14.04 0.14960 172.33
14.06 0.14890 172.33
14.16 0.14700 172.25
14.16 0.14620 172.11
14.23 0.14440 172.11
14.26 0.14290 171.98
14.36 0.14290 171.98
14.39 0.14170 171.85
14.45 0.14100 171.75
14.44 0.13990 171.75
14.50 0.13990 171.64
14.62 0.13910 171.64
14.61 0.13880 171.50
14.75 0.13880 171.34
14.79 0.13840 171.34
14.84 0.13840 171.20
14.88 0.13840 171.20
14.92 0.13840 171.08
14.91 0.13910 170.98
15.01 0.13880 170.98
15.06 0.13880 170.90
15.13 0.13950 170.90
15.12 0.13950 170.84
15.23 0.14060 170.84
15.27 0.14060 170.81
15.27 0.14250 170.81
15.35 0.14320 170.81
15.38 0.14360 170.83
15.42 0.14440 170.83
15.53 0.14590 170.88
15.60 0.14890 170.94
15.58 0.14920 170.94
15.66 0.15040 170.95
15.76 0.15110 170.95
15.80 0.15410 171.04
15.79 0.15600 171.11
15.90 0.15750 171.11
15.88 0.15970 171.21
16.03 0.16160 171.21
15.99 0.16420 171.34
16.11 0.16610 171.34
16.08 0.16760 171.48
16.18 0.17170 171.58
16.24 0.17440 171.58
16.29 0.17620 171.68
16.34 0.17890 171.68
16.36 0.18300 171.81
16.47 0.18640 171.98
16.45 0.18900 171.98
16.58 0.19200 172.09
16.53 0.19570 172.09
16.68 0.19870 172.25
16.73 0.20360 172.41
16.78 0.20740 172.41
16.77 0.21040 172.54
16.85 0.21490 172.54
16.90 0.21790 172.64
16.93 0.22160 172.64
16.96 0.22650 172.71
17.01 0.23250 172.75
17.11 0.23550 172.75
17.17 0.24040 172.83
17.19 0.24640 172.83
17.30 0.25090 172.88
17.29 0.25730 172.90
17.39 0.26100 172.90
17.39 0.26660 172.95
17.44 0.27070 172.98
17.53 0.27680 172.98
17.57 0.28280 172.95
17.59 0.28610 172.93
17.71 0.29100 172.93
17.74 0.29480 172.89
17.72 0.29930 172.83
17.80 0.30070 172.83
17.88 0.30600 172.80
17.90 0.30750 172.80
17.96 0.31050 172.75
18.05 0.31350 172.66
18.08 0.31350 172.66
18.10 0.31350 172.55
18.13 0.31390 172.55
18.18 0.31310 172.48
18.26 0.31240 172.34
18.34 0.30980 172.34
18.35 0.30710 172.18
18.41 0.30560 172.04
18.52 0.30190 172.04
18.49 0.29810 171.86
18.58 0.29480 171.86
18.66 0.28990 171.74
18.64 0.28540 171.63
18.69 0.28130 171.63
18.83 0.27600 171.50
18.82 0.27040 171.50
18.91 0.26590 171.36
18.97 0.25950 171.24
18.98 0.25540 171.24
19.00 0.24940 171.11
19.10 0.24530 171.11
19.15 0.23890 170.96
19.21 0.23290 170.84
19.29 0.22840 170.84
19.34 0.22310 170.69
19.35 0.21940 170.69
19.37 0.21410 170.54
19.46 0.21110 170.54
19.52 0.20700 170.44
19.56 0.20470 170.30
19.63 0.20060 170.30
19.69 0.19760 170.20
19.69 0.19500 170.20
19.77 0.19310 170.08
19.85 0.19270 169.99
19.88 0.19050 169.99
19.92 0.18940 169.88
19.96 0.18820 169.80
20.00 0.18750 169.80
20.03 0.18750 169.74
20.13 0.18750 169.74
20.19 0.18670 169.69
20.19 0.18860 169.68
20.25 0.18860 169.68
20.27 0.19010 169.60
20.39 0.19120 169.52
20.45 0.19270 169.52
20.50 0.19390 169.45
20.49 0.19690 169.34
20.57 0.19870 169.34
20.63 0.20060 169.25
20.67 0.20360 169.25
20.72 0.20550 169.16
20.76 0.21000 169.15
20.79 0.21410 169.15
20.93 0.21600 169.13
20.97 0.22120 169.11
21.01 0.22430 169.11
20.99 0.22840 169.09
21.10 0.23170 169.09
21.16 0.23770 169.02
21.19 0.24070 169.02
21.26 0.24670 168.99
21.31 0.25390 168.96
21.38 0.25800 168.96
21.39 0.26440 168.99
21.41 0.26890 168.99
21.53 0.27600 169.01
21.58 0.28130 169.04
21.56 0.28690 169.04
21.61 0.29590 169.09
21.72 0.30150 169.09
21.78 0.30900 169.10
21.78 0.31610 169.13
21.87 0.32480 169.13
21.88 0.33040 169.16
21.98 0.33980 169.16
21.99 0.34610 169.25
22.08 0.35620 169.25
22.11 0.36680 169.31
22.13 0.37460 169.38
22.16 0.38510 169.38
22.29 0.39150 169.48
22.26 0.40160 169.48
22.36 0.41030 169.56
22.41 0.42260 169.65
22.42 0.43390 169.65
22.54 0.44330 169.71
22.56 0.45490 169.71
22.58 0.46270 169.76
22.63 0.47550 169.84
22.68 0.48220 169.84
22.76 0.49350 169.91
22.85 0.50140 169.95
22.86 0.51260 169.95
22.96 0.52160 169.95
22.97 0.52800 169.95
23.06 0.53740 169.98
23.11 0.54410 169.99
23.08 0.55050 169.99
23.21 0.55540 169.99
23.25 0.55990 169.99
23.29 0.56480 170.01
23.33 0.56700 170.01
23.35 0.56810 169.98
23.47 0.56890 169.96
23.48 0.56850 169.96
23.52 0.56810 169.95
23.58 0.56550 169.95
23.66 0.56360 169.98
23.71 0.55840 169.98
23.70 0.55270 170.01
23.77 0.54790 170.10
23.86 0.54040 170.10
23.87 0.53550 170.16
23.91 0.52720 170.16
24.03 0.52160 170.24
24.05 0.51040 170.29
24.09 0.49870 170.29
24.15 0.49160 170.35
24.15 0.48080 170.35
24.25 0.47250 170.39
24.31 0.46010 170.45
24.40 0.45190 170.45
24.35 0.44030 170.49
24.48 0.43310 170.49
24.49 0.42260 170.54
24.56 0.41100 170.61
24.65 0.40430 170.61
24.65 0.39530 170.71
24.75 0.38960 170.71
24.74 0.38250 170.76
24.79 0.37650 170.83
24.83 0.36940 170.83
24.93 0.36260 170.88
24.97 0.35850 170.88
25.06 0.35360 170.93
25.03 0.35060 171.01
25.12 0.34690 171.01
25.13 0.34460 171.09
25.21 0.34240 171.09
25.25 0.34130 171.14
25.33 0.34010 171.14
25.36 0.34010 171.16
25.43 0.34090 171.16
25.47 0.34350 171.14
25.50 0.34500 171.11
25.56 0.34690 171.11
25.60 0.34910 171.06
25.68 0.35210 171.06
25.73 0.35660 171.04
25.79 0.36150 171.01
25.85 0.36600 171.01
25.87 0.37050 171.04
25.94 0.37610 171.04
26.02 0.38170 171.06
25.99 0.39040 171.08
26.10 0.39490 171.08
26.17 0.40390 171.06
26.20 0.41360 171.06
26.20 0.42000 171.09
26.29 0.43130 171.09
26.35 0.43910 171.11
26.34 0.44890 171.14
26.44 0.45790 171.14
26.51 0.47060 171.16
26.54 0.48490 171.16
26.57 0.49540 171.21
26.64 0.51110 171.24
26.67 0.52010 171.24
26.78 0.53510 171.30
26.76 0.54640 171.30
26.88 0.56360 171.35
26.92 0.57750 171.39
26.95 0.59510 171.39
26.97 0.61350 171.43
27.07 0.62700 171.43
27.10 0.64610 171.44
27.14 0.66230 171.44
27.20 0.68210 171.44
27.29 0.69710 171.46
27.35 0.72000 171.46
27.32 0.74180 171.51
27.42 0.76310 171.60
27.45 0.78640 171.60
27.56 0.80290 171.70
27.54 0.82690 171.70
27.61 0.84410 171.75
27.61 0.86960 171.75
27.70 0.88950 171.80
27.82 0.91950 171.81
27.82 0.94990 171.81
27.87 0.96900 171.84
27.90 1.00010 171.86
28.00 1.01700 171.86
27.99 1.04360 171.89
28.11 1.06240 171.89
28.11 1.08820 171.93
28.15 1.12090 172.00
28.25 1.13890 172.00
28.32 1.16290 171.98
28.30 1.17860 171.98
28.38 1.20340 172.01
28.39 1.21910 172.01
28.51 1.24010 171.98
28.56 1.25620 171.96
28.61 1.27310 171.96
28.64 1.29040 171.93
28.68 1.30240 171.93
28.70 1.31620 171.88
28.83 1.32670 171.88
28.81 1.33690 171.80
28.87 1.34630 171.76
28.96 1.35450 171.76
28.98 1.36090 171.68
29.08 1.36570 171.68
29.13 1.36950 171.60
29.11 1.37170 171.44
29.17 1.37290 171.44
29.26 1.37250 171.26
29.25 1.36990 171.26
29.34 1.36800 171.09
29.40 1.36200 170.90
29.44 1.35450 170.90
29.51 1.34890 170.74
29.59 1.34140 170.74
29.61 1.33690 170.59
29.63 1.33010 170.40
29.72 1.32520 170.40
29.78 1.31810 170.20
29.76 1.31100 169.98
29.90 1.30870 169.98
29.87 1.30240 169.74
29.96 1.29940 169.58
29.99 1.29300 169.58
30.05 1.28810 169.41
30.06 1.28250 169.41
30.13 1.27840 169.29
30.19 1.27390 169.16
30.22 1.27050 169.16
30.32 1.27010 169.09
30.40 1.27310 169.00
30.43 1.27500 169.00
30.43 1.28140 168.96
30.56 1.28660 168.96
30.55 1.29560 168.89
