0.35 0.11960 198.43
0.39 0.11960 198.26
0.32 0.12000 198.13
0.38 0.12000 198.13
0.30 0.11960 197.98
0.32 0.12000 197.98
0.34 0.12000 197.88
0.38 0.11920 197.77
0.36 0.12000 197.77
0.48 0.12040 197.68
0.53 0.12080 197.59
0.54 0.11960 197.59
0.66 0.11920 197.44
0.70 0.12000 197.44
0.77 0.12000 197.34
0.87 0.12040 197.24
0.95 0.11960 197.24
1.09 0.11920 197.15
1.13 0.11960 197.06
1.26 0.11920 197.06
1.33 0.11920 196.96
1.48 0.12040 196.96
1.58 0.12000 196.85
1.71 0.12040 196.85
1.80 0.11960 196.85
1.94 0.12000 196.81
2.03 0.11850 196.81
2.14 0.11890 196.77
2.33 0.12080 196.77
2.35 0.12040 196.77
2.50 0.11960 196.75
2.55 0.12000 196.75
2.69 0.12000 196.79
2.77 0.12000 196.80
2.88 0.12040 196.80
2.90 0.12000 196.83
3.02 0.11960 196.83
3.05 0.11920 196.88
3.18 0.12000 196.96
3.27 0.12000 196.96
3.27 0.11960 197.02
3.39 0.11920 197.02
3.46 0.12000 197.04
3.52 0.12000 197.06
3.58 0.11920 197.06
3.72 0.11920 197.10
3.71 0.11960 197.10
3.82 0.12000 197.18
3.85 0.12040 197.35
3.97 0.12000 197.35
3.99 0.12000 197.51
4.09 0.11960 197.51
4.13 0.11960 197.63
4.26 0.11960 197.75
4.31 0.12000 197.75
4.34 0.11920 197.91
4.34 0.11960 197.98
4.42 0.11920 197.98
4.58 0.11920 198.04
4.56 0.12000 198.04
4.64 0.11960 198.10
4.68 0.12040 198.16
4.78 0.12000 198.16
4.82 0.12040 198.23
4.88 0.12000 198.23
4.99 0.11960 198.26
4.95 0.12080 198.26
5.01 0.11920 198.26
5.09 0.11960 198.23
5.18 0.12000 198.23
5.19 0.11960 198.15
5.23 0.12000 198.05
5.27 0.11890 198.05
5.35 0.11960 197.95
5.50 0.12040 197.94
5.47 0.11890 197.94
5.53 0.12000 197.91
5.57 0.11920 197.91
5.63 0.11960 197.94
5.74 0.11960 197.89
5.77 0.12040 197.75
5.88 0.12040 197.75
5.84 0.12000 197.65
5.95 0.12040 197.61
5.95 0.12000 197.61
6.06 0.12000 197.60
6.07 0.11960 197.61
6.12 0.12000 197.61
6.17 0.11920 197.68
6.24 0.12040 197.74
6.31 0.12040 197.74
6.33 0.12080 197.79
6.41 0.12040 197.79
6.45 0.12000 197.89
6.51 0.12080 197.99
6.56 0.11920 197.99
6.57 0.11920 198.13
6.64 0.11960 198.13
6.73 0.12040 198.33
6.78 0.11960 198.50
6.87 0.12080 198.50
6.93 0.12080 198.68
6.93 0.12110 198.86
7.03 0.12040 198.86
7.02 0.12080 199.06
7.13 0.12000 199.06
7.17 0.12080 199.23
7.17 0.12110 199.36
7.25 0.12080 199.36
7.34 0.12080 199.49
7.38 0.12150 199.63
7.43 0.12110 199.63
7.43 0.12040 199.74
7.48 0.12110 199.81
7.57 0.12110 199.81
7.63 0.12080 199.88
7.62 0.12040 199.91
7.70 0.12110 199.91
7.75 0.12040 199.93
7.86 0.12110 199.89
7.89 0.12150 199.89
7.89 0.12150 199.86
8.03 0.12150 199.84
8.06 0.12110 199.84
8.07 0.12080 199.77
8.12 0.12190 199.73
8.21 0.12150 199.73
8.21 0.12110 199.63
8.26 0.12110 199.49
8.39 0.12150 199.49
8.40 0.12080 199.34
8.42 0.12110 199.19
8.53 0.12190 199.19
8.50 0.12110 199.09
8.57 0.12230 199.00
8.63 0.12230 199.00
8.70 0.12190 198.88
8.73 0.12110 198.77
8.84 0.12190 198.77
8.82 0.12230 198.74
8.96 0.12190 198.74
8.97 0.12190 198.69
8.98 0.12230 198.68
9.01 0.12040 198.68
9.08 0.12040 198.65
9.18 0.12190 198.63
9.21 0.12150 198.63
9.24 0.12150 198.65
9.28 0.12190 198.65
9.33 0.12190 198.63
9.46 0.12230 198.64
9.42 0.12150 198.64
9.52 0.12110 198.61
9.55 0.12190 198.61
9.64 0.12190 198.61
9.64 0.12190 198.61
9.77 0.12230 198.60
9.77 0.12190 198.58
9.85 0.12190 198.58
9.85 0.12150 198.58
9.94 0.12230 198.55
10.04 0.12230 198.55
10.08 0.12190 198.56
10.09 0.12230 198.56
10.18 0.12190 198.61
10.21 0.12230 198.58
10.26 0.12230 198.58
10.29 0.12190 198.54
10.33 0.12230 198.54
10.35 0.12150 198.51
10.47 0.12260 198.45
10.47 0.12190 198.45
10.59 0.12190 198.33
10.54 0.12230 198.33
10.69 0.12260 198.24
10.73 0.12260 198.15
10.78 0.12300 198.15
10.82 0.12300 198.10
10.87 0.12230 198.10
10.87 0.12260 198.02
10.98 0.12380 197.95
10.97 0.12190 197.95
11.06 0.12300 197.89
11.06 0.12260 197.89
11.16 0.12340 197.79
11.23 0.12340 197.74
11.32 0.12380 197.74
11.27 0.12410 197.69
11.40 0.12340 197.69
11.36 0.12450 197.66
11.51 0.12490 197.64
11.51 0.12450 197.64
11.55 0.12520 197.64
11.58 0.12450 197.64
11.69 0.12490 197.66
11.77 0.12560 197.69
11.77 0.12490 197.69
11.87 0.12600 197.70
11.89 0.12600 197.70
11.97 0.12600 197.74
11.93 0.12600 197.74
12.07 0.12600 197.74
12.05 0.12640 197.77
12.16 0.12710 197.77
12.24 0.12790 197.83
12.19 0.12790 197.86
12.29 0.12820 197.86
12.37 0.12860 197.90
12.39 0.12790 197.90
12.45 0.12820 197.94
12.45 0.12820 197.94
12.54 0.12860 197.93
12.63 0.12970 197.94
12.63 0.12970 197.94
12.64 0.12970 197.90
12.76 0.12940 197.90
12.74 0.12970 197.89
12.85 0.12940 197.89
12.86 0.12970 197.89
12.91 0.12970 197.90
12.98 0.12970 197.90
13.06 0.12900 197.91
13.10 0.12820 197.91
13.11 0.12970 197.93
13.22 0.12940 197.94
13.23 0.12940 197.94
13.28 0.12970 197.91
13.36 0.12900 197.91
13.36 0.12900 197.88
13.47 0.12940 197.83
13.55 0.12900 197.83
13.56 0.12900 197.77
13.59 0.12940 197.73
13.70 0.12860 197.73
13.77 0.12860 197.70
13.79 0.12900 197.69
13.84 0.12820 197.69
13.91 0.12820 197.69
13.89 0.12860 197.69
14.00 0.12820 197.69
14.02 0.12790 197.65
14.12 0.12790 197.65
14.08 0.12790 197.64
14.14 0.12790 197.63
14.22 0.12750 197.63
14.32 0.12710 197.56
14.29 0.12750 197.56
14.35 0.12710 197.51
14.41 0.12710 197.44
14.47 0.12710 197.44
14.59 0.12680 197.39
14.55 0.12640 197.39
14.68 0.12710 197.35
14.66 0.12710 197.35
14.74 0.12600 197.31
14.77 0.12710 197.26
14.88 0.12680 197.26
14.87 0.12680 197.15
14.97 0.12680 197.02
15.04 0.12640 197.02
15.04 0.12710 196.94
15.06 0.12750 196.88
15.14 0.12710 196.88
15.20 0.12680 196.77
15.28 0.12710 196.69
15.34 0.12750 196.69
15.33 0.12750 196.61
15.37 0.12750 196.51
15.50 0.12790 196.51
15.53 0.12820 196.43
15.52 0.12820 196.43
15.56 0.12860 196.38
15.68 0.12970 196.36
15.68 0.12900 196.36
15.80 0.12940 196.33
15.82 0.12970 196.33
15.89 0.13010 196.30
15.90 0.13010 196.30
15.99 0.13050 196.30
16.03 0.13090 196.30
16.10 0.13160 196.30
16.10 0.13160 196.34
16.14 0.13200 196.35
16.22 0.13310 196.35
16.27 0.13310 196.31
16.35 0.13310 196.31
16.37 0.13390 196.27
16.41 0.13420 196.27
16.51 0.13460 196.20
16.57 0.13610 196.23
16.56 0.13570 196.23
16.67 0.13690 196.26
16.69 0.13760 196.26
16.75 0.13800 196.31
16.75 0.13760 196.35
16.87 0.13880 196.35
16.84 0.13990 196.40
16.89 0.14020 196.48
17.04 0.14060 196.48
17.02 0.14140 196.52
17.12 0.14250 196.52
17.10 0.14320 196.56
17.17 0.14440 196.61
17.20 0.14440 196.61
17.33 0.14470 196.64
17.35 0.14550 196.64
17.39 0.14550 196.65
17.46 0.14590 196.64
17.47 0.14660 196.64
17.55 0.14740 196.65
17.63 0.14810 196.70
17.69 0.14770 196.70
17.69 0.14850 196.74
17.71 0.14850 196.73
17.81 0.14740 196.73
17.90 0.14810 196.77
17.91 0.14740 196.77
18.00 0.14740 196.85
18.05 0.14700 196.94
18.06 0.14700 196.94
18.09 0.14740 197.04
18.13 0.14590 197.04
18.19 0.14550 197.09
18.27 0.14620 197.18
18.32 0.14510 197.18
18.32 0.14510 197.23
18.39 0.14400 197.23
18.43 0.14320 197.26
18.55 0.14290 197.33
18.54 0.14290 197.33
18.63 0.14250 197.35
18.65 0.14100 197.35
18.72 0.14100 197.39
18.81 0.14100 197.43
18.85 0.13950 197.43
18.84 0.13910 197.45
18.93 0.13910 197.45
18.96 0.13840 197.48
19.05 0.13840 197.50
19.09 0.13730 197.50
19.17 0.13690 197.55
19.23 0.13610 197.60
19.22 0.13570 197.60
19.29 0.13540 197.63
19.37 0.13570 197.69
19.37 0.13500 197.69
19.49 0.13420 197.79
19.50 0.13390 197.79
19.51 0.13390 197.79
19.56 0.13390 197.79
19.64 0.13350 197.79
19.66 0.13420 197.83
19.75 0.13390 197.83
19.81 0.13420 197.94
19.81 0.13310 198.09
19.87 0.13350 198.09
19.90 0.13390 198.20
20.05 0.13420 198.20
20.06 0.13460 198.34
20.07 0.13500 198.50
20.10 0.13460 198.50
20.19 0.13540 198.63
20.30 0.13540 198.63
20.26 0.13570 198.75
20.35 0.13650 198.86
20.45 0.13690 198.86
20.43 0.13690 198.98
20.54 0.13730 198.98
20.58 0.13690 199.10
20.60 0.13800 199.23
20.65 0.13950 199.23
20.73 0.13990 199.34
20.75 0.13990 199.34
20.83 0.14060 199.46
20.89 0.14170 199.56
20.92 0.14170 199.56
20.92 0.14290 199.64
20.97 0.14320 199.64
21.13 0.14400 199.71
21.12 0.14510 199.77
21.19 0.14510 199.77
21.22 0.14620 199.85
21.24 0.14740 199.85
21.27 0.14810 199.91
21.42 0.14920 199.93
21.40 0.14960 199.93
21.50 0.15110 199.84
21.50 0.15230 199.84
21.60 0.15380 199.74
21.64 0.15380 199.74
21.69 0.15640 199.66
21.73 0.15710 199.58
21.78 0.15790 199.58
21.83 0.15940 199.44
21.86 0.16010 199.44
21.96 0.16200 199.34
22.01 0.16420 199.23
22.08 0.16390 199.23
22.06 0.16500 199.10
22.09 0.16690 199.10
22.15 0.16720 199.02
22.30 0.16950 199.02
22.25 0.17100 198.93
22.33 0.17210 198.81
22.38 0.17290 198.81
22.47 0.17290 198.76
22.47 0.17360 198.76
22.55 0.17470 198.70
22.55 0.17620 198.69
22.69 0.17660 198.69
22.67 0.17700 198.66
22.75 0.17740 198.66
22.85 0.17770 198.66
22.84 0.17700 198.66
22.89 0.17740 198.66
22.94 0.17700 198.71
23.02 0.17660 198.71
23.11 0.17590 198.74
23.08 0.17550 198.76
23.16 0.17360 198.76
23.23 0.17290 198.83
23.31 0.17290 198.83
23.32 0.17210 198.89
23.35 0.17140 198.93
23.41 0.16950 198.93
23.45 0.16800 198.99
23.57 0.16690 198.99
23.57 0.16500 199.10
23.66 0.16390 199.10
23.68 0.16310 199.21
23.73 0.16240 199.39
23.77 0.15970 199.39
23.79 0.15860 199.60
23.89 0.15820 199.77
23.97 0.15640 199.77
24.03 0.15560 199.95
24.04 0.15380 199.95
24.07 0.15340 200.13
24.11 0.15260 200.21
24.18 0.15110 200.21
24.18 0.14960 200.31
24.32 0.14920 200.31
24.34 0.14810 200.39
24.39 0.14770 200.49
24.46 0.14770 200.49
24.50 0.14660 200.55
24.50 0.14620 200.55
24.62 0.14590 200.60
24.67 0.14660 200.64
24.71 0.14550 200.64
24.71 0.14470 200.71
24.79 0.14470 200.71
24.80 0.14440 200.83
24.90 0.14440 200.91
24.92 0.14510 200.91
24.95 0.14510 201.02
25.08 0.14590 201.02
25.14 0.14550 201.11
25.15 0.14660 201.16
25.16 0.14660 201.16
25.30 0.14700 201.26
25.26 0.14770 201.26
25.40 0.14810 201.36
25.44 0.14850 201.36
25.46 0.14850 201.36
25.48 0.14920 201.36
25.54 0.15150 201.36
25.64 0.15150 201.36
25.67 0.15340 201.38
25.71 0.15380 201.38
25.77 0.15490 201.41
25.86 0.15560 201.41
25.85 0.15670 201.48
25.91 0.15820 201.52
25.95 0.15860 201.52
26.06 0.15970 201.55
26.09 0.16160 201.55
26.14 0.16310 201.56
26.13 0.16460 201.59
26.24 0.16570 201.59
26.23 0.16540 201.63
26.34 0.16840 201.63
26.33 0.16990 201.64
26.44 0.17170 201.64
26.44 0.17360 201.65
26.50 0.17590 201.61
26.53 0.17740 201.61
26.61 0.17850 201.61
26.66 0.18040 201.61
26.75 0.18220 201.63
26.83 0.18450 201.68
26.84 0.18670 201.68
26.87 0.18790 201.75
26.94 0.19010 201.75
26.95 0.19240 201.75
27.05 0.19500 201.74
27.10 0.19650 201.74
27.20 0.19870 201.74
27.23 0.20030 201.74
27.26 0.20250 201.69
27.29 0.20510 201.69
27.31 0.20660 201.66
27.38 0.20890 201.60
27.41 0.21000 201.60
27.52 0.21220 201.51
27.57 0.21410 201.48
27.62 0.21490 201.48
27.69 0.21600 201.41
27.71 0.21750 201.41
27.76 0.21860 201.36
27.78 0.21900 201.33
27.89 0.21860 201.33
27.88 0.21860 201.27
28.01 0.21970 201.27
28.01 0.21940 201.24
28.11 0.21900 201.24
28.10 0.21830 201.19
28.13 0.21790 201.09
28.15 0.21640 201.09
28.25 0.21560 200.98
28.26 0.21410 200.98
28.38 0.21260 200.86
28.39 0.21110 200.69
28.44 0.21000 200.69
28.48 0.20850 200.54
28.58 0.20620 200.54
28.59 0.20440 200.35
28.62 0.20250 200.18
28.71 0.19990 200.18
28.83 0.19800 200.04
28.80 0.19500 200.04
28.89 0.19350 199.94
28.90 0.19120 199.85
28.99 0.18860 199.85
29.04 0.18750 199.73
29.11 0.18490 199.73
29.16 0.18340 199.64
29.18 0.18190 199.52
29.28 0.17920 199.52
29.24 0.17740 199.35
29.32 0.17620 199.35
29.34 0.17400 199.23
29.48 0.17330 199.11
29.44 0.17140 199.11
29.58 0.17020 199.00
29.56 0.16870 199.00
29.66 0.16800 198.91
29.67 0.16760 198.91
29.78 0.16690 198.84
29.80 0.16650 198.77
29.86 0.16500 198.77
29.86 0.16500 198.76
29.97 0.16540 198.76
30.02 0.16540 198.74
30.06 0.16540 198.74
30.06 0.16460 198.71
30.13 0.16500 198.69
30.17 0.16570 198.69
30.25 0.16570 198.64
30.26 0.16610 198.64
30.31 0.16650 198.61
30.46 0.16910 198.56
30.42 0.16870 198.56
30.48 0.16910 198.50
30.55 0.17100 198.50
30.61 0.17140 198.44
30.67 0.17400 198.41
30.74 0.17400 198.41
30.73 0.17550 198.36
30.80 0.17770 198.31
30.91 0.17890 198.31
30.90 0.18070 198.30
30.97 0.18190 198.30
30.96 0.18370 198.29
31.06 0.18560 198.26
31.12 0.18710 198.26
31.13 0.18900 198.24
31.22 0.19090 198.24
31.24 0.19310 198.19
31.25 0.19500 198.15
31.35 0.19840 198.15
31.35 0.19910 198.05
31.45 0.20210 198.05
31.45 0.20440 197.99
31.49 0.20810 197.89
31.58 0.20920 197.89
31.64 0.21190 197.83
31.64 0.21520 197.83
31.71 0.21790 197.76
31.75 0.22200 197.76
31.81 0.22350 197.76
31.83 0.22690 197.73
31.85 0.22880 197.73
31.90 0.23170 197.65
32.02 0.23700 197.61
32.07 0.23890 197.61
32.07 0.24220 197.58
32.16 0.24410 197.58
32.15 0.24820 197.54
32.23 0.25050 197.54
32.24 0.25420 197.48
32.26 0.25650 197.45
32.33 0.25840 197.45
32.42 0.26290 197.45
32.43 0.26480 197.45
32.49 0.26700 197.41
32.52 0.26960 197.41
32.59 0.27150 197.41
32.59 0.27300 197.39
32.66 0.27450 197.39
32.69 0.27560 197.35
32.77 0.27750 197.34
32.77 0.27710 197.34
32.86 0.27790 197.29
32.91 0.27830 197.26
32.94 0.27830 197.26
33.00 0.27830 197.21
33.01 0.27790 197.21
33.13 0.27710 197.16
33.12 0.27640 197.16
33.19 0.27490 197.09
33.22 0.27380 197.02
33.25 0.27230 197.02
33.27 0.26890 196.91
33.40 0.26810 196.91
33.39 0.26550 196.83
33.44 0.26210 196.73
33.48 0.25990 196.73
33.57 0.25580 196.61
33.60 0.25390 196.48
33.66 0.25090 196.48
33.72 0.24900 196.34
33.70 0.24530 196.34
33.74 0.24260 196.20
33.83 0.23920 196.04
33.85 0.23480 196.04
33.95 0.23170 195.85
33.96 0.22950 195.74
34.00 0.22650 195.74
34.08 0.22390 195.60
34.09 0.22160 195.45
34.13 0.21830 195.45
