0.52 0.12000 197.39
0.44 0.12000 197.35
0.44 0.12080 197.30
0.44 0.12000 197.30
0.49 0.12040 197.26
0.49 0.12000 197.23
0.50 0.11920 197.23
0.48 0.12040 197.20
0.54 0.12080 197.18
0.55 0.11960 197.18
0.61 0.12000 197.16
0.66 0.12000 197.16
0.73 0.12040 197.14
0.87 0.12080 197.14
0.94 0.11960 197.14
0.98 0.11960 197.15
1.04 0.11960 197.15
1.25 0.12040 197.19
1.33 0.12040 197.21
1.42 0.11960 197.21
1.52 0.11920 197.21
1.57 0.12040 197.24
1.72 0.12040 197.24
1.84 0.12000 197.29
1.92 0.12000 197.29
2.09 0.12000 197.26
2.19 0.12000 197.30
2.25 0.12000 197.30
2.44 0.12000 197.29
2.47 0.12000 197.30
2.63 0.11960 197.30
2.71 0.11890 197.34
2.79 0.12040 197.34
2.89 0.12000 197.38
2.97 0.12080 197.44
3.10 0.11960 197.44
3.13 0.12040 197.48
3.25 0.12040 197.48
3.25 0.11960 197.52
3.33 0.12080 197.58
3.41 0.12000 197.58
3.55 0.11960 197.60
3.58 0.12040 197.60
3.70 0.12040 197.58
3.73 0.12080 197.56
3.79 0.12040 197.56
3.87 0.12000 197.52
3.93 0.12040 197.52
3.97 0.12040 197.50
4.14 0.12000 197.50
4.10 0.12040 197.48
4.19 0.12080 197.50
4.28 0.12000 197.50
4.39 0.12000 197.54
4.35 0.11960 197.59
4.44 0.12000 197.59
4.51 0.12000 197.65
4.62 0.12040 197.73
4.62 0.12000 197.73
4.67 0.12000 197.76
4.76 0.12040 197.76
4.87 0.12040 197.83
4.90 0.12080 197.90
4.98 0.11960 197.90
4.97 0.12000 197.96
5.09 0.12040 197.96
5.08 0.12000 198.01
5.19 0.12080 198.05
5.23 0.11960 198.05
5.29 0.12040 198.11
5.33 0.12040 198.14
5.45 0.11960 198.14
5.44 0.11960 198.18
5.56 0.12000 198.18
5.60 0.12000 198.23
5.61 0.12000 198.29
5.71 0.12000 198.29
5.69 0.12000 198.39
5.75 0.12000 198.39
5.79 0.12000 198.51
5.94 0.12080 198.59
5.94 0.12000 198.59
6.05 0.12040 198.66
6.03 0.12000 198.66
6.08 0.12000 198.70
6.20 0.12080 198.75
6.19 0.11960 198.75
6.28 0.12080 198.75
6.33 0.12080 198.75
6.39 0.12040 198.73
6.44 0.12040 198.73
6.46 0.12040 198.73
6.53 0.11960 198.75
6.62 0.12040 198.75
6.61 0.12040 198.76
6.69 0.12110 198.74
6.75 0.12000 198.74
6.85 0.11960 198.75
6.85 0.12080 198.75
6.93 0.12040 198.73
6.92 0.12080 198.65
7.01 0.12080 198.65
7.02 0.12040 198.58
7.14 0.12040 198.51
7.16 0.11920 198.51
7.19 0.11960 198.40
7.29 0.12110 198.40
7.29 0.12080 198.31
7.43 0.12150 198.21
7.38 0.12080 198.21
7.53 0.12110 198.09
7.55 0.12040 198.09
7.60 0.12080 197.95
7.61 0.12000 197.95
7.69 0.12080 197.85
7.78 0.12150 197.73
7.81 0.12110 197.73
7.81 0.12040 197.58
7.90 0.12110 197.58
7.95 0.12110 197.48
7.97 0.12150 197.38
8.01 0.12150 197.38
8.14 0.12150 197.29
8.12 0.12110 197.29
8.26 0.12110 197.21
8.29 0.12110 197.14
8.27 0.12110 197.14
8.40 0.12150 197.02
8.43 0.12150 197.02
8.45 0.12110 196.99
8.48 0.12190 196.90
8.61 0.12080 196.90
8.66 0.12150 196.85
8.69 0.12150 196.85
8.68 0.12080 196.81
8.78 0.12230 196.79
8.77 0.12150 196.79
8.87 0.12150 196.74
8.92 0.12150 196.73
8.95 0.12110 196.73
9.05 0.12110 196.71
9.04 0.12150 196.71
9.16 0.12040 196.75
9.20 0.12150 196.75
9.23 0.12150 196.75
9.26 0.12190 196.73
9.32 0.12150 196.73
9.39 0.12110 196.69
9.45 0.12150 196.69
9.50 0.12110 196.66
9.56 0.12080 196.73
9.59 0.12150 196.73
9.66 0.12190 196.74
9.66 0.12190 196.79
9.73 0.12150 196.79
9.85 0.12190 196.84
9.88 0.12110 196.84
9.91 0.12080 196.88
9.92 0.12150 196.93
10.02 0.12190 196.93
10.03 0.12110 197.00
10.09 0.12150 197.00
10.11 0.12150 197.04
10.27 0.12190 197.11
10.25 0.12110 197.11
10.28 0.12110 197.16
10.34 0.12190 197.16
10.43 0.12150 197.23
10.41 0.12150 197.26
10.49 0.12190 197.26
10.59 0.12110 197.36
10.66 0.12150 197.36
10.65 0.12110 197.46
10.72 0.12230 197.54
10.76 0.12190 197.54
10.77 0.12190 197.58
10.87 0.12190 197.58
10.90 0.12190 197.61
11.01 0.12260 197.70
11.02 0.12150 197.70
11.11 0.12190 197.74
11.12 0.12190 197.74
11.23 0.12150 197.81
11.21 0.12150 197.81
11.28 0.12190 197.83
11.37 0.12300 197.83
11.44 0.12230 197.83
11.44 0.12260 197.84
11.50 0.12260 197.84
11.51 0.12260 197.85
11.58 0.12230 197.84
11.61 0.12260 197.84
11.71 0.12260 197.81
11.77 0.12340 197.81
11.79 0.12380 197.83
11.83 0.12410 197.83
11.89 0.12380 197.83
11.95 0.12380 197.85
11.96 0.12340 197.85
12.01 0.12410 197.88
12.04 0.12410 197.89
12.14 0.12450 197.89
12.22 0.12450 197.93
12.27 0.12560 197.93
12.27 0.12490 197.93
12.36 0.12520 197.94
12.37 0.12520 197.94
12.47 0.12560 197.99
12.48 0.12560 197.99
12.59 0.12600 198.02
12.66 0.12560 198.09
12.70 0.12520 198.09
12.70 0.12560 198.09
12.75 0.12710 198.14
12.85 0.12560 198.14
12.83 0.12640 198.18
12.95 0.12600 198.18
12.97 0.12710 198.23
13.00 0.12750 198.29
13.09 0.12710 198.29
13.09 0.12680 198.31
13.19 0.12680 198.31
13.25 0.12680 198.34
13.31 0.12680 198.34
13.36 0.12680 198.39
13.39 0.12750 198.40
13.41 0.12600 198.40
13.54 0.12600 198.44
13.49 0.12640 198.44
13.60 0.12640 198.43
13.59 0.12710 198.43
13.66 0.12640 198.44
13.74 0.12710 198.45
13.77 0.12680 198.45
13.82 0.12600 198.50
13.90 0.12600 198.50
13.95 0.12600 198.50
14.00 0.12640 198.46
14.03 0.12600 198.39
14.13 0.12520 198.39
14.11 0.12560 198.26
14.20 0.12560 198.26
14.30 0.12560 198.19
14.36 0.12600 198.09
14.31 0.12490 198.09
14.40 0.12520 198.05
14.44 0.12450 198.05
14.47 0.12490 198.02
14.57 0.12520 197.96
14.59 0.12520 197.96
14.63 0.12410 197.91
14.68 0.12490 197.83
14.73 0.12380 197.83
14.76 0.12340 197.75
14.90 0.12450 197.75
14.90 0.12410 197.66
14.92 0.12410 197.66
15.02 0.12380 197.55
15.05 0.12410 197.48
15.16 0.12450 197.48
15.15 0.12410 197.34
15.18 0.12300 197.34
15.23 0.12450 197.26
15.36 0.12450 197.18
15.32 0.12450 197.18
15.41 0.12490 197.08
15.48 0.12450 197.08
15.55 0.12490 196.96
15.64 0.12450 196.90
15.59 0.12490 196.90
15.66 0.12490 196.85
15.75 0.12490 196.85
15.77 0.12450 196.80
15.81 0.12520 196.80
15.93 0.12520 196.80
15.93 0.12560 196.74
16.03 0.12600 196.74
16.04 0.12600 196.68
16.13 0.12640 196.68
16.16 0.12600 196.60
16.17 0.12750 196.51
16.21 0.12680 196.51
16.35 0.12680 196.45
16.31 0.12790 196.45
16.45 0.12790 196.34
16.49 0.12820 196.27
16.46 0.12820 196.27
16.50 0.12900 196.20
16.61 0.12940 196.20
16.64 0.12970 196.13
16.67 0.13010 196.06
16.78 0.12940 196.06
16.78 0.13120 196.00
16.87 0.13160 196.00
16.92 0.13240 196.00
16.95 0.13270 195.96
16.99 0.13310 195.96
17.04 0.13310 195.89
17.14 0.13460 195.85
17.14 0.13460 195.85
17.18 0.13500 195.81
17.23 0.13610 195.71
17.32 0.13610 195.71
17.35 0.13690 195.66
17.47 0.13730 195.66
17.48 0.13760 195.61
17.48 0.13800 195.56
17.56 0.13880 195.56
17.66 0.13910 195.58
17.64 0.13950 195.58
17.73 0.14020 195.61
17.82 0.14060 195.66
17.81 0.13990 195.66
17.87 0.14020 195.69
17.97 0.14060 195.69
18.01 0.14060 195.70
18.04 0.13990 195.70
18.12 0.14020 195.71
18.12 0.14020 195.71
18.16 0.14020 195.71
18.19 0.13990 195.71
18.30 0.13990 195.71
18.30 0.13950 195.74
18.40 0.13910 195.77
18.43 0.13880 195.77
18.54 0.13840 195.83
18.55 0.13840 195.85
18.59 0.13760 195.85
18.61 0.13760 195.88
18.65 0.13650 195.88
18.72 0.13650 195.91
18.81 0.13650 195.94
18.90 0.13570 195.94
18.85 0.13500 195.98
19.00 0.13460 195.98
18.96 0.13420 196.05
19.04 0.13420 196.08
19.13 0.13270 196.08
19.15 0.13270 196.14
19.21 0.13240 196.23
19.29 0.13200 196.23
19.32 0.13120 196.29
19.32 0.13050 196.29
19.38 0.13010 196.36
19.49 0.13050 196.44
19.56 0.13010 196.44
19.57 0.13010 196.50
19.64 0.12940 196.50
19.64 0.12940 196.61
19.76 0.12940 196.76
19.75 0.12900 196.76
19.85 0.12860 196.85
19.85 0.12900 196.85
19.90 0.12860 197.00
19.99 0.12860 197.13
20.06 0.12820 197.13
20.08 0.12820 197.24
20.10 0.12860 197.34
20.16 0.12820 197.34
20.20 0.12820 197.41
20.31 0.12820 197.41
20.36 0.12820 197.51
20.36 0.12860 197.59
20.43 0.12790 197.59
20.51 0.12820 197.66
20.49 0.12900 197.66
20.61 0.12940 197.70
20.64 0.13050 197.75
20.70 0.13010 197.75
20.79 0.13090 197.83
20.76 0.13090 197.83
20.80 0.13090 197.85
20.93 0.13200 197.84
20.99 0.13240 197.84
20.97 0.13270 197.77
21.01 0.13240 197.77
21.04 0.13310 197.73
21.16 0.13390 197.68
21.17 0.13460 197.68
21.22 0.13540 197.64
21.27 0.13570 197.64
21.38 0.13610 197.54
21.39 0.13760 197.54
21.40 0.13730 197.44
21.50 0.13880 197.41
21.58 0.13950 197.41
21.58 0.14060 197.35
21.68 0.14210 197.34
21.74 0.14210 197.34
21.80 0.14250 197.31
21.80 0.14320 197.31
21.85 0.14510 197.29
21.94 0.14590 197.27
21.98 0.14660 197.27
22.04 0.14770 197.25
22.11 0.14920 197.25
22.12 0.14960 197.25
22.12 0.15070 197.25
22.21 0.15150 197.27
22.29 0.15380 197.34
22.37 0.15410 197.34
22.36 0.15520 197.39
22.37 0.15560 197.39
22.49 0.15640 197.49
22.57 0.15860 197.61
22.56 0.15900 197.61
22.63 0.16010 197.71
22.65 0.16010 197.71
22.75 0.16120 197.88
22.76 0.16160 197.88
22.82 0.16200 198.02
22.92 0.16310 198.19
22.95 0.16280 198.19
22.99 0.16280 198.44
23.08 0.16240 198.44
23.12 0.16240 198.73
23.15 0.16160 199.02
23.22 0.16160 199.02
23.23 0.16120 199.31
23.28 0.16050 199.60
23.30 0.16010 199.60
23.37 0.15940 199.88
23.43 0.15860 199.88
23.45 0.15790 200.15
23.53 0.15670 200.44
23.57 0.15640 200.44
23.66 0.15560 200.76
23.66 0.15340 200.76
23.77 0.15300 201.10
23.84 0.15150 201.39
23.83 0.15040 201.39
23.93 0.14890 201.69
23.91 0.14920 201.94
23.97 0.14700 201.94
24.04 0.14590 202.15
24.16 0.14510 202.15
24.20 0.14400 202.36
24.17 0.14320 202.36
24.26 0.14210 202.51
24.35 0.14060 202.70
24.39 0.13990 202.70
24.41 0.13950 202.83
24.51 0.13910 202.83
24.47 0.13690 202.99
24.61 0.13650 202.99
24.64 0.13610 203.09
24.63 0.13650 203.11
24.74 0.13570 203.11
24.80 0.13460 203.10
24.83 0.13500 203.10
24.88 0.13460 203.06
24.93 0.13350 202.99
24.98 0.13420 202.99
25.02 0.13350 202.95
25.09 0.13420 202.95
25.14 0.13390 202.89
25.12 0.13420 202.81
25.23 0.13390 202.81
25.30 0.13390 202.76
25.34 0.13390 202.76
25.35 0.13390 202.65
25.41 0.13460 202.49
25.50 0.13540 202.49
25.49 0.13540 202.39
25.57 0.13610 202.39
25.62 0.13650 202.21
25.66 0.13760 202.21
25.79 0.13760 202.10
25.78 0.13840 202.01
25.89 0.13880 202.01
25.89 0.13990 201.85
25.99 0.14020 201.85
25.94 0.14060 201.74
26.07 0.14170 201.63
26.06 0.14250 201.63
26.17 0.14440 201.56
26.23 0.14550 201.56
26.22 0.14590 201.49
26.32 0.14740 201.44
26.35 0.14810 201.44
26.36 0.14920 201.38
26.48 0.15070 201.38
26.47 0.15190 201.33
26.52 0.15380 201.30
26.65 0.15490 201.30
26.63 0.15600 201.30
26.69 0.15670 201.30
26.79 0.15790 201.21
26.83 0.16090 201.13
26.82 0.16160 201.13
26.97 0.16310 201.10
26.95 0.16500 201.10
27.00 0.16610 201.02
27.07 0.16870 200.95
27.16 0.16990 200.95
27.15 0.17210 200.94
27.26 0.17330 200.94
27.27 0.17510 200.90
27.29 0.17700 200.90
27.37 0.17770 200.90
27.45 0.18070 200.86
27.43 0.18110 200.86
27.54 0.18300 200.81
27.53 0.18560 200.79
27.63 0.18710 200.79
27.70 0.18710 200.79
27.76 0.18900 200.79
27.74 0.19120 200.79
27.84 0.19240 200.77
27.88 0.19240 200.77
27.95 0.19310 200.74
27.94 0.19390 200.74
28.01 0.19460 200.66
28.14 0.19500 200.55
28.17 0.19390 200.55
28.16 0.19350 200.44
28.27 0.19390 200.31
28.31 0.19310 200.31
28.30 0.19200 200.16
28.42 0.19160 200.16
28.42 0.18970 200.02
28.48 0.18940 200.02
28.55 0.18790 199.88
28.58 0.18640 199.66
28.63 0.18490 199.66
28.73 0.18260 199.45
28.79 0.18150 199.26
28.82 0.17920 199.26
28.88 0.17740 199.05
28.88 0.17550 199.05
28.94 0.17250 198.85
29.01 0.17140 198.65
29.06 0.16910 198.65
29.10 0.16760 198.48
29.16 0.16610 198.48
29.16 0.16310 198.30
29.29 0.16160 198.15
29.32 0.16050 198.15
29.41 0.15860 197.96
29.39 0.15640 197.73
29.43 0.15520 197.73
29.55 0.15340 197.49
29.59 0.15260 197.49
29.57 0.15110 197.25
29.70 0.15000 197.05
29.77 0.14890 197.05
29.78 0.14740 196.88
29.87 0.14660 196.71
29.83 0.14550 196.71
29.96 0.14550 196.54
29.97 0.14440 196.39
30.04 0.14400 196.39
30.07 0.14400 196.29
30.08 0.14440 196.29
30.19 0.14400 196.18
30.24 0.14440 196.14
30.32 0.14400 196.14
30.29 0.14400 196.06
30.42 0.14400 196.06
30.40 0.14400 196.00
30.49 0.14510 196.00
30.58 0.14550 195.94
30.55 0.14660 195.85
30.64 0.14660 195.85
30.69 0.14700 195.76
30.78 0.14890 195.69
30.77 0.14960 195.69
30.85 0.15040 195.64
30.85 0.15110 195.64
30.94 0.15260 195.58
31.01 0.15340 195.58
31.04 0.15520 195.55
31.06 0.15670 195.56
31.13 0.15670 195.56
31.23 0.15860 195.58
31.28 0.16090 195.60
31.25 0.16160 195.60
31.39 0.16350 195.64
31.42 0.16610 195.68
31.42 0.16690 195.68
31.48 0.16870 195.70
31.51 0.17100 195.70
31.63 0.17250 195.76
31.67 0.17510 195.86
31.66 0.17660 195.86
31.78 0.17810 195.93
31.80 0.18150 196.06
31.80 0.18300 196.06
31.86 0.18560 196.20
31.92 0.18900 196.38
32.02 0.19010 196.38
31.98 0.19310 196.59
32.10 0.19540 196.79
32.11 0.19800 196.79
32.14 0.20100 196.99
32.19 0.20250 197.16
32.28 0.20620 197.16
32.31 0.20770 197.29
32.36 0.21110 197.29
32.37 0.21260 197.46
32.40 0.21640 197.64
32.48 0.21790 197.64
32.51 0.22050 197.79
32.55 0.22350 197.79
32.63 0.22610 197.91
32.71 0.22800 198.04
32.72 0.23020 198.04
32.78 0.23100 198.13
32.85 0.23250 198.13
32.86 0.23400 198.19
32.92 0.23510 198.19
32.92 0.23660 198.27
32.96 0.23700 198.40
33.06 0.23810 198.40
33.05 0.23810 198.48
33.17 0.23770 198.48
33.13 0.23770 198.52
33.21 0.23770 198.64
33.25 0.23620 198.64
33.35 0.23510 198.68
33.37 0.23480 198.66
33.37 0.23250 198.66
33.43 0.23100 198.65
33.52 0.22840 198.65
33.53 0.22690 198.56
33.59 0.22500 198.49
33.64 0.22160 198.49
33.72 0.21970 198.41
33.71 0.21600 198.41
33.78 0.21340 198.35
33.81 0.21040 198.31
33.88 0.20740 198.31
33.92 0.20440 198.20
33.97 0.20320 198.06
34.06 0.19910 198.06
34.03 0.19540 197.98
34.08 0.19310 197.93
34.11 0.18900 197.93
