0.41 0.11920 201.23
0.37 0.12000 201.13
0.38 0.12080 201.06
0.37 0.12040 201.06
0.36 0.12040 200.94
0.41 0.12000 200.80
0.46 0.12000 200.80
0.47 0.11920 200.66
0.48 0.12080 200.55
0.51 0.12040 200.55
0.59 0.12040 200.43
0.60 0.12000 200.43
0.69 0.12000 200.30
0.74 0.12110 200.19
0.89 0.12000 200.19
0.89 0.11960 200.09
1.05 0.11920 200.09
1.10 0.12000 200.02
1.21 0.12040 199.98
1.37 0.11960 199.98
1.40 0.11960 199.91
1.52 0.12040 199.91
1.59 0.12000 199.81
1.77 0.12040 199.71
1.81 0.12000 199.71
2.00 0.12040 199.61
2.14 0.12000 199.61
2.19 0.12000 199.45
2.30 0.12040 199.27
2.44 0.12000 199.27
2.52 0.11920 199.11
2.65 0.12000 199.11
2.69 0.12000 198.96
2.87 0.12040 198.96
2.92 0.12040 198.79
2.95 0.11920 198.65
3.01 0.12040 198.65
3.19 0.12000 198.52
3.17 0.12000 198.52
3.34 0.11920 198.43
3.33 0.12040 198.34
3.47 0.12000 198.34
3.52 0.12000 198.25
3.60 0.11960 198.25
3.67 0.11960 198.15
3.76 0.12080 198.05
3.77 0.11920 198.05
3.86 0.11890 197.96
3.98 0.11960 197.96
4.05 0.12040 197.89
4.04 0.12080 197.79
4.12 0.12000 197.79
4.24 0.11960 197.66
4.25 0.11920 197.66
4.32 0.11960 197.58
4.44 0.11960 197.50
4.45 0.12040 197.50
4.50 0.12040 197.39
4.58 0.12040 197.39
4.69 0.12000 197.26
4.72 0.12040 197.15
4.78 0.12000 197.15
4.82 0.11960 197.10
4.87 0.11960 197.10
4.93 0.12000 197.08
5.02 0.12040 197.02
5.02 0.12000 197.02
5.11 0.12000 197.00
5.15 0.12040 196.94
5.27 0.11960 196.94
5.29 0.11960 196.90
5.37 0.11920 196.90
5.40 0.12040 196.85
5.40 0.12000 196.85
5.49 0.12040 196.84
5.58 0.12000 196.85
5.61 0.12000 196.85
5.71 0.12040 196.86
5.69 0.12040 196.86
5.78 0.11920 196.88
5.81 0.11920 196.88
5.89 0.12040 196.89
5.99 0.12110 196.90
6.00 0.12040 196.90
6.06 0.11960 196.95
6.15 0.12040 196.95
6.16 0.12000 197.02
6.23 0.11960 197.02
6.25 0.12040 197.10
6.28 0.12040 197.18
6.34 0.12000 197.18
6.46 0.12000 197.26
6.44 0.12000 197.26
6.53 0.12040 197.35
6.58 0.12110 197.46
6.62 0.12040 197.46
6.73 0.12040 197.52
6.80 0.12040 197.52
6.78 0.12080 197.54
6.86 0.12040 197.54
6.88 0.12080 197.52
6.92 0.12080 197.56
7.04 0.12110 197.56
7.03 0.12040 197.58
7.13 0.12080 197.58
7.11 0.12080 197.59
7.23 0.12110 197.64
7.25 0.12080 197.64
7.36 0.12040 197.63
7.31 0.12080 197.63
7.46 0.12080 197.63
7.51 0.12150 197.63
7.57 0.12110 197.63
7.59 0.12150 197.65
7.67 0.12040 197.65
7.68 0.12110 197.69
7.70 0.12110 197.73
7.76 0.12080 197.73
7.84 0.12110 197.74
7.93 0.12190 197.71
7.90 0.12110 197.71
8.01 0.12150 197.66
8.10 0.12150 197.64
8.11 0.12110 197.64
8.13 0.12080 197.61
8.15 0.12190 197.61
8.24 0.12110 197.61
8.28 0.12080 197.64
8.39 0.12150 197.66
8.40 0.12110 197.66
8.47 0.12190 197.70
8.52 0.12150 197.70
8.54 0.12150 197.79
8.60 0.12150 197.88
8.61 0.12150 197.88
8.76 0.12150 197.96
8.71 0.12150 197.96
8.83 0.12150 198.05
8.88 0.12150 198.10
8.94 0.12110 198.10
8.98 0.12190 198.15
9.02 0.12110 198.15
9.03 0.12150 198.16
9.08 0.12230 198.19
9.17 0.12150 198.19
9.24 0.12150 198.19
9.28 0.12230 198.19
9.37 0.12150 198.16
9.36 0.12190 198.13
9.45 0.12190 198.13
9.45 0.12040 198.06
9.54 0.12190 198.06
9.60 0.12190 198.08
9.64 0.12150 198.08
9.71 0.12110 198.10
9.71 0.12190 198.08
9.76 0.12190 198.08
9.79 0.12190 198.06
9.88 0.12150 198.06
9.91 0.12150 198.02
10.03 0.12230 197.96
10.05 0.12190 197.96
10.09 0.12150 197.94
10.14 0.12150 197.94
10.20 0.12150 197.94
10.29 0.12230 197.90
10.30 0.12040 197.90
10.36 0.12190 197.86
10.40 0.12190 197.86
10.41 0.12190 197.84
10.48 0.12190 197.79
10.60 0.12230 197.79
10.63 0.12190 197.73
10.62 0.12230 197.73
10.72 0.12230 197.64
10.80 0.12260 197.54
10.84 0.12150 197.54
10.86 0.12230 197.45
10.92 0.12260 197.35
10.96 0.12230 197.35
11.02 0.12230 197.24
11.09 0.12260 197.15
11.12 0.12230 197.15
11.13 0.12260 197.02
11.18 0.12260 197.02
11.22 0.12300 196.88
11.37 0.12260 196.88
11.39 0.12340 196.75
11.42 0.12380 196.65
11.52 0.12380 196.65
11.57 0.12380 196.54
11.56 0.12450 196.43
11.58 0.12380 196.43
11.68 0.12410 196.30
11.72 0.12450 196.30
11.84 0.12450 196.15
11.78 0.12450 196.15
11.88 0.12490 195.94
11.95 0.12520 195.76
12.00 0.12490 195.76
11.99 0.12450 195.58
12.11 0.12410 195.58
12.17 0.12560 195.40
12.23 0.12640 195.25
12.21 0.12600 195.25
12.29 0.12640 195.13
12.35 0.12680 195.13
12.36 0.12680 195.05
12.42 0.12710 194.98
12.53 0.12710 194.98
12.55 0.12750 194.93
12.60 0.12680 194.93
12.64 0.12750 194.89
12.74 0.12750 194.88
12.75 0.12790 194.88
12.77 0.12790 194.85
12.82 0.12790 194.85
12.91 0.12750 194.91
12.93 0.12790 194.96
12.99 0.12750 194.96
13.09 0.12860 194.96
13.06 0.12790 195.01
13.17 0.12820 195.01
13.22 0.12820 195.01
13.31 0.12820 195.05
13.33 0.12820 195.05
13.33 0.12790 195.10
13.43 0.12750 195.10
13.51 0.12820 195.14
13.57 0.12820 195.23
13.57 0.12790 195.23
13.67 0.12750 195.30
13.62 0.12790 195.36
13.73 0.12710 195.36
13.74 0.12710 195.44
13.87 0.12750 195.48
13.90 0.12680 195.48
13.95 0.12680 195.51
13.95 0.12640 195.51
14.00 0.12710 195.59
14.08 0.12710 195.66
14.19 0.12600 195.66
14.21 0.12640 195.71
14.23 0.12640 195.71
14.27 0.12640 195.77
14.39 0.12680 195.85
14.34 0.12640 195.85
14.46 0.12600 195.91
14.45 0.12600 195.91
14.57 0.12600 195.93
14.60 0.12600 195.95
14.64 0.12560 195.95
14.71 0.12560 195.99
14.77 0.12600 195.96
14.77 0.12520 195.96
14.80 0.12490 196.01
14.94 0.12520 196.01
14.92 0.12490 196.02
15.00 0.12600 196.01
15.04 0.12520 196.01
15.15 0.12490 196.02
15.17 0.12560 196.02
15.20 0.12560 196.04
15.22 0.12600 196.04
15.29 0.12560 196.04
15.37 0.12560 196.10
15.45 0.12560 196.10
15.51 0.12560 196.24
15.48 0.12680 196.43
15.60 0.12640 196.43
15.58 0.12640 196.60
15.70 0.12680 196.60
15.68 0.12680 196.71
15.75 0.12750 196.83
15.86 0.12710 196.83
15.89 0.12750 196.95
15.94 0.12860 197.10
15.99 0.12820 197.10
16.01 0.12820 197.20
16.07 0.12900 197.20
16.12 0.12900 197.40
16.17 0.12940 197.60
16.28 0.12900 197.60
16.27 0.12940 197.83
16.38 0.12970 197.83
16.35 0.13050 198.08
16.43 0.13160 198.35
16.49 0.13200 198.35
16.52 0.13200 198.59
16.56 0.13270 198.89
16.59 0.13240 198.89
16.69 0.13240 199.23
16.78 0.13390 199.55
16.78 0.13350 199.55
16.87 0.13420 199.83
16.87 0.13570 200.13
16.89 0.13610 200.13
16.98 0.13650 200.39
17.10 0.13690 200.39
17.14 0.13760 200.55
17.13 0.13840 200.66
17.22 0.13950 200.66
17.26 0.13950 200.75
17.27 0.13990 200.75
17.37 0.14020 200.86
17.37 0.14060 200.86
17.44 0.14060 200.96
17.56 0.14210 201.05
17.60 0.14290 201.05
17.62 0.14210 201.15
17.62 0.14320 201.27
17.75 0.14360 201.27
17.79 0.14360 201.31
17.81 0.14360 201.31
17.90 0.14360 201.31
17.87 0.14360 201.29
17.93 0.14360 201.29
18.01 0.14290 201.21
18.11 0.14400 201.14
18.14 0.14360 201.14
18.21 0.14250 201.05
18.22 0.14320 201.05
18.26 0.14250 200.89
18.32 0.14250 200.74
18.38 0.14100 200.74
18.40 0.14100 200.63
18.49 0.14060 200.63
18.50 0.14020 200.55
18.58 0.14060 200.46
18.61 0.13880 200.46
18.70 0.13910 200.39
18.69 0.13840 200.39
18.83 0.13760 200.27
18.84 0.13760 200.27
18.90 0.13690 200.18
18.94 0.13690 200.10
19.00 0.13610 200.10
19.07 0.13570 200.00
19.10 0.13500 200.00
19.11 0.13350 199.98
19.15 0.13310 199.93
19.24 0.13310 199.93
19.27 0.13270 199.85
19.31 0.13270 199.85
19.35 0.13200 199.73
19.46 0.13310 199.61
19.49 0.13270 199.61
19.53 0.13120 199.54
19.57 0.13120 199.54
19.65 0.13160 199.44
19.70 0.13120 199.44
19.74 0.13120 199.41
19.78 0.13090 199.39
19.86 0.13090 199.39
19.88 0.13050 199.38
19.98 0.13090 199.38
19.99 0.13050 199.39
20.07 0.13090 199.39
20.06 0.13050 199.36
20.16 0.13160 199.34
20.16 0.13120 199.34
20.26 0.13090 199.27
20.36 0.13160 199.27
20.41 0.13200 199.20
20.39 0.13270 199.08
20.43 0.13200 199.08
20.52 0.13310 198.98
20.53 0.13270 198.98
20.58 0.13350 198.86
20.68 0.13390 198.76
20.68 0.13460 198.76
20.78 0.13460 198.68
20.81 0.13460 198.68
20.88 0.13540 198.52
20.95 0.13690 198.44
21.02 0.13730 198.44
21.01 0.13800 198.31
21.04 0.13840 198.26
21.14 0.13950 198.26
21.19 0.14020 198.18
21.25 0.14060 198.18
21.32 0.14100 198.06
21.33 0.14170 197.94
21.39 0.14320 197.94
21.42 0.14290 197.80
21.54 0.14360 197.80
21.53 0.14590 197.65
21.64 0.14660 197.65
21.61 0.14770 197.52
21.69 0.14920 197.48
21.69 0.14960 197.48
21.83 0.15070 197.43
21.82 0.15150 197.43
21.85 0.15260 197.35
21.99 0.15410 197.29
22.04 0.15560 197.29
22.09 0.15640 197.20
22.12 0.15790 197.20
22.14 0.15860 197.19
22.19 0.16010 197.19
22.24 0.16090 197.16
22.30 0.16280 197.15
22.32 0.16390 197.15
22.40 0.16500 197.11
22.46 0.16610 197.11
22.47 0.16610 197.11
22.59 0.16760 197.11
22.64 0.16800 197.09
22.63 0.16950 197.04
22.76 0.16950 197.04
22.78 0.16990 196.98
22.85 0.17100 196.90
22.88 0.17060 196.90
22.90 0.17060 196.83
22.95 0.17060 196.83
23.05 0.17060 196.77
23.11 0.17020 196.74
23.10 0.16910 196.74
23.15 0.16870 196.68
23.22 0.16760 196.68
23.28 0.16650 196.60
23.32 0.16650 196.60
23.41 0.16570 196.56
23.46 0.16460 196.46
23.46 0.16280 196.46
23.55 0.16240 196.34
23.55 0.16050 196.34
23.64 0.15970 196.24
23.70 0.15900 196.14
23.78 0.15670 196.14
23.77 0.15600 196.08
23.81 0.15450 196.08
23.84 0.15340 195.95
24.00 0.15260 195.95
23.95 0.15070 195.86
24.03 0.15040 195.77
24.06 0.14850 195.77
24.15 0.14770 195.74
24.16 0.14620 195.74
24.26 0.14550 195.68
24.26 0.14400 195.64
24.31 0.14400 195.64
24.43 0.14290 195.61
24.49 0.14170 195.61
24.50 0.14170 195.64
24.52 0.14100 195.65
24.58 0.14100 195.65
24.61 0.14020 195.68
24.74 0.13990 195.68
24.74 0.13990 195.68
24.80 0.13880 195.68
24.83 0.13840 195.68
24.91 0.13840 195.70
24.92 0.13840 195.70
25.04 0.13880 195.74
25.02 0.13910 195.74
25.14 0.13880 195.73
25.17 0.13950 195.68
25.25 0.13910 195.68
25.23 0.14020 195.65
25.31 0.14060 195.65
25.34 0.13990 195.64
25.41 0.14170 195.60
25.44 0.14170 195.60
25.52 0.14290 195.58
25.54 0.14250 195.58
25.66 0.14360 195.59
25.64 0.14440 195.59
25.70 0.14510 195.59
25.82 0.14660 195.63
25.80 0.14770 195.63
25.85 0.14770 195.65
25.87 0.14850 195.65
25.97 0.15000 195.69
26.08 0.15150 195.73
26.08 0.15260 195.73
26.14 0.15300 195.76
26.21 0.15450 195.76
26.24 0.15560 195.83
26.28 0.15710 195.89
26.37 0.15790 195.89
26.37 0.15970 195.98
26.43 0.16240 196.06
26.51 0.16280 196.06
26.50 0.16350 196.14
26.59 0.16540 196.14
26.65 0.16760 196.20
26.71 0.16840 196.20
26.72 0.16950 196.26
26.75 0.17210 196.34
26.81 0.17330 196.34
26.86 0.17620 196.40
27.01 0.17770 196.49
26.98 0.17920 196.49
27.06 0.18110 196.54
27.07 0.18340 196.54
27.17 0.18560 196.63
27.20 0.18670 196.63
27.26 0.18940 196.74
27.36 0.19160 196.81
27.33 0.19310 196.81
27.38 0.19500 196.90
27.47 0.19690 196.93
27.51 0.19800 196.93
27.50 0.19990 196.91
27.64 0.20060 196.91
27.68 0.20250 196.90
27.72 0.20360 196.93
27.79 0.20440 196.93
27.84 0.20590 196.90
27.89 0.20620 196.90
27.93 0.20660 196.84
27.96 0.20740 196.80
28.06 0.20660 196.80
28.11 0.20660 196.74
28.15 0.20620 196.74
28.17 0.20470 196.73
28.23 0.20470 196.74
28.27 0.20360 196.74
28.33 0.20290 196.73
28.36 0.20140 196.73
28.39 0.20030 196.71
28.50 0.19870 196.73
28.52 0.19650 196.73
28.60 0.19500 196.77
28.62 0.19270 196.77
28.72 0.19050 196.83
28.74 0.18900 196.83
28.79 0.18710 196.88
28.85 0.18370 196.95
28.90 0.18150 196.95
28.90 0.18000 196.98
29.01 0.17740 196.98
29.09 0.17590 197.06
29.03 0.17360 197.06
29.09 0.17100 197.16
29.17 0.17020 197.33
29.28 0.16840 197.33
29.27 0.16610 197.50
29.32 0.16350 197.50
29.36 0.16280 197.61
29.48 0.16120 197.71
29.46 0.15970 197.71
29.57 0.15820 197.84
29.60 0.15750 197.84
29.66 0.15640 197.94
29.70 0.15490 198.04
29.75 0.15490 198.04
29.78 0.15410 198.16
29.87 0.15380 198.16
29.90 0.15260 198.31
29.92 0.15340 198.51
29.98 0.15230 198.51
30.07 0.15260 198.74
30.15 0.15230 198.74
30.11 0.15230 198.99
30.25 0.15230 198.99
30.29 0.15300 199.20
30.27 0.15410 199.36
30.31 0.15410 199.36
30.42 0.15380 199.54
30.43 0.15450 199.54
30.52 0.15560 199.70
30.62 0.15600 199.70
30.62 0.15790 199.86
30.68 0.15860 200.10
30.73 0.16010 200.10
30.75 0.16050 200.29
30.82 0.16160 200.29
30.85 0.16280 200.45
30.94 0.16540 200.58
30.93 0.16690 200.58
31.06 0.16800 200.73
31.05 0.16950 200.93
31.12 0.17100 200.93
31.17 0.17210 201.06
31.22 0.17360 201.06
31.26 0.17550 201.20
31.33 0.17810 201.40
31.38 0.18000 201.40
31.39 0.18190 201.54
31.47 0.18410 201.54
31.50 0.18600 201.69
31.54 0.18820 201.79
31.59 0.19090 201.79
31.66 0.19270 201.81
31.74 0.19570 201.83
31.70 0.19800 201.83
31.79 0.19950 201.84
31.80 0.20250 201.84
31.87 0.20510 201.83
31.92 0.20770 201.83
32.01 0.21070 201.84
32.02 0.21380 201.89
32.11 0.21670 201.89
32.09 0.21900 201.91
32.19 0.22310 201.91
32.17 0.22500 201.90
32.28 0.22840 201.90
32.27 0.23020 201.83
32.33 0.23440 201.74
32.36 0.23550 201.74
32.48 0.23770 201.65
32.46 0.24190 201.65
32.56 0.24370 201.51
32.54 0.24530 201.51
32.66 0.24790 201.40
32.70 0.25050 201.31
32.75 0.25130 201.31
32.74 0.25280 201.26
32.83 0.25350 201.26
32.82 0.25420 201.20
32.91 0.25610 201.09
32.91 0.25580 201.09
33.00 0.25610 201.02
33.02 0.25580 201.02
33.06 0.25460 200.94
33.09 0.25460 200.84
33.22 0.25350 200.84
33.26 0.25240 200.75
33.28 0.25090 200.75
33.29 0.24860 200.68
33.35 0.24670 200.61
33.42 0.24450 200.61
33.43 0.24260 200.58
33.51 0.24040 200.55
33.51 0.23660 200.55
33.61 0.23480 200.44
33.65 0.23100 200.41
33.66 0.22840 200.41
33.72 0.22540 200.39
33.74 0.22270 200.39
33.82 0.22010 200.34
33.88 0.21790 200.35
33.90 0.21340 200.35
33.96 0.21000 200.31
34.03 0.20740 200.31
34.02 0.20440 200.35
34.11 0.20100 200.35
34.12 0.19870 200.35
34.16 0.19610 200.35
