-0.39 -0.07950 78.59
-0.39 -0.07910 78.59
-0.39 -0.07910 78.66
-0.38 -0.07950 78.66
-0.39 -0.07840 78.70
-0.38 -0.07880 78.70
-0.38 -0.07840 78.74
-0.35 -0.07730 78.76
-0.32 -0.07650 78.76
-0.28 -0.07800 78.80
-0.22 -0.07760 78.80
-0.18 -0.07690 78.79
-0.11 -0.07650 78.79
-0.05 -0.07650 78.80
0.04 -0.07650 78.79
0.10 -0.07650 78.79
0.20 -0.07690 78.81
0.32 -0.07760 78.81
0.40 -0.07690 78.82
0.52 -0.07650 78.82
0.60 -0.07650 78.85
0.72 -0.07760 78.85
0.80 -0.07610 78.87
0.93 -0.07570 78.87
1.02 -0.07610 78.90
1.15 -0.07610 78.90
1.28 -0.07460 78.90
1.37 -0.07610 78.95
1.49 -0.07420 78.95
1.56 -0.07500 79.00
1.67 -0.07540 79.00
1.75 -0.07570 79.02
1.85 -0.07650 79.02
1.97 -0.07540 79.06
2.03 -0.07500 79.05
2.12 -0.07570 79.05
2.19 -0.07500 79.06
2.28 -0.07540 79.06
2.34 -0.07610 79.06
2.42 -0.07350 79.09
2.48 -0.07570 79.09
2.58 -0.07540 79.11
2.66 -0.07420 79.11
2.72 -0.07420 79.11
2.80 -0.07420 79.11
2.85 -0.07460 79.10
2.93 -0.07390 79.14
2.98 -0.07310 79.14
3.05 -0.07390 79.15
3.14 -0.07390 79.15
3.19 -0.07240 79.19
3.26 -0.07240 79.20
3.31 -0.07350 79.20
3.38 -0.07280 79.24
3.42 -0.07280 79.24
3.49 -0.07310 79.25
3.54 -0.07280 79.25
3.61 -0.07240 79.27
3.69 -0.07280 79.29
3.73 -0.07240 79.29
3.80 -0.07240 79.32
3.84 -0.07240 79.32
3.91 -0.07130 79.36
3.95 -0.07130 79.36
4.02 -0.07130 79.35
4.09 -0.07160 79.36
4.13 -0.07130 79.36
4.20 -0.07200 79.34
4.24 -0.07090 79.34
4.30 -0.07200 79.39
4.35 -0.07130 79.39
4.41 -0.07160 79.43
4.44 -0.07090 79.43
4.51 -0.07090 79.45
4.58 -0.07160 79.45
4.62 -0.07130 79.45
4.69 -0.07160 79.45
4.72 -0.06940 79.47
4.79 -0.07050 79.49
4.83 -0.07010 79.49
4.89 -0.06900 79.51
4.96 -0.07160 79.51
5.00 -0.07160 79.55
5.05 -0.07130 79.55
5.10 -0.07050 79.57
5.15 -0.07130 79.57
5.20 -0.07200 79.62
5.26 -0.07090 79.68
5.30 -0.07090 79.68
5.36 -0.07090 79.70
5.42 -0.07090 79.70
5.46 -0.06980 79.74
5.52 -0.07050 79.74
5.55 -0.07050 79.76
5.61 -0.06980 79.76
5.66 -0.06980 79.79
5.71 -0.07010 79.79
5.78 -0.07010 79.81
5.82 -0.07010 79.80
5.88 -0.07130 79.80
5.92 -0.07010 79.80
5.98 -0.06860 79.80
6.02 -0.06940 79.80
6.07 -0.07010 79.80
6.11 -0.07050 79.81
6.18 -0.06940 79.81
6.24 -0.07010 79.81
6.28 -0.06900 79.81
6.34 -0.06900 79.81
6.38 -0.06900 79.81
6.44 -0.07010 79.82
6.47 -0.06900 79.81
6.53 -0.06860 79.81
6.59 -0.06860 79.84
6.63 -0.06940 79.84
6.69 -0.07010 79.86
6.74 -0.06860 79.84
6.79 -0.06830 79.84
6.83 -0.06900 79.84
6.89 -0.06980 79.84
6.93 -0.06940 79.80
6.98 -0.06980 79.80
7.05 -0.07010 79.77
7.09 -0.06980 79.77
7.14 -0.06900 79.77
7.19 -0.06830 79.77
7.24 -0.06940 79.77
7.28 -0.06980 79.79
7.34 -0.07010 79.79
7.40 -0.06900 79.81
7.44 -0.06900 79.85
7.50 -0.06940 79.85
7.54 -0.06830 79.91
7.59 -0.06900 79.91
7.63 -0.06900 79.99
7.69 -0.06940 79.99
7.73 -0.07010 80.04
7.78 -0.07010 80.04
7.85 -0.06940 80.10
7.89 -0.06900 80.16
7.95 -0.06900 80.16
7.98 -0.06980 80.22
8.04 -0.06940 80.22
8.08 -0.06980 80.30
8.13 -0.07090 80.30
8.20 -0.07050 80.34
8.23 -0.07010 80.34
8.30 -0.07090 80.41
8.33 -0.07090 80.46
8.39 -0.07010 80.46
8.43 -0.07010 80.51
8.50 -0.06860 80.59
8.52 -0.06860 80.59
8.58 -0.06900 80.64
8.64 -0.06980 80.64
8.69 -0.07010 80.70
8.74 -0.07010 80.70
8.78 -0.06980 80.75
8.84 -0.06900 80.79
8.88 -0.06860 80.79
8.93 -0.06860 80.82
9.00 -0.06900 80.82
9.04 -0.06940 80.85
9.10 -0.06830 80.87
9.14 -0.06790 80.87
9.19 -0.06860 80.93
9.23 -0.06830 80.93
9.28 -0.06860 80.95
9.33 -0.06900 80.95
9.38 -0.06940 80.95
9.45 -0.06830 80.96
9.48 -0.06750 80.96
9.54 -0.06900 80.99
9.58 -0.06900 80.99
9.64 -0.07010 80.99
9.68 -0.07010 80.99
9.74 -0.06940 80.97
9.80 -0.06900 80.97
9.84 -0.07090 80.97
9.89 -0.06940 80.99
9.93 -0.07050 80.99
9.99 -0.06940 80.96
10.03 -0.07090 80.96
10.09 -0.06980 80.96
10.12 -0.07010 80.96
10.18 -0.06980 80.96
10.24 -0.07200 80.96
10.28 -0.07130 80.96
10.34 -0.07130 80.97
10.38 -0.07200 80.97
10.44 -0.07130 80.99
10.47 -0.07130 80.99
10.53 -0.07200 80.99
10.60 -0.07240 80.99
10.63 -0.07280 80.99
10.70 -0.07130 80.99
10.73 -0.07200 80.99
10.79 -0.07240 81.02
10.83 -0.07240 81.02
10.88 -0.07310 81.02
10.92 -0.07310 81.01
10.99 -0.07420 81.01
11.04 -0.07420 81.00
11.08 -0.07460 81.00
11.14 -0.07500 81.05
11.17 -0.07610 81.05
11.24 -0.07650 81.06
11.27 -0.07880 81.06
11.33 -0.07950 81.06
11.40 -0.08030 81.06
11.43 -0.08210 81.06
11.49 -0.08210 81.09
11.53 -0.08320 81.09
11.59 -0.08400 81.09
11.62 -0.08660 81.09
11.68 -0.08930 81.07
11.72 -0.09070 81.10
11.78 -0.09220 81.10
11.84 -0.09490 81.11
11.88 -0.09900 81.11
11.94 -0.10240 81.12
11.97 -0.10460 81.12
12.03 -0.10950 81.11
12.08 -0.11400 81.12
12.13 -0.11770 81.12
12.19 -0.12490 81.12
12.23 -0.13090 81.12
12.29 -0.13570 81.14
12.33 -0.14360 81.14
12.38 -0.15040 81.16
12.42 -0.16200 81.15
12.48 -0.16800 81.15
12.52 -0.18150 81.11
12.57 -0.19090 81.11
12.64 -0.20770 81.14
12.68 -0.22910 81.14
12.73 -0.24790 81.14
12.77 -0.27300 81.14
12.83 -0.28840 81.14
12.87 -0.31760 81.11
12.93 -0.34050 81.11
12.98 -0.37610 81.06
13.03 -0.41630 81.06
13.08 -0.44930 81.06
13.12 -0.49610 81.06
13.17 -0.53440 81.06
13.21 -0.59740 81.05
13.27 -0.64200 81.05
13.31 -0.70990 81.04
13.37 -0.75980 81.04
13.44 -0.84190 81.05
13.47 -0.94200 81.02
13.53 -1.00160 81.02
13.57 -1.10210 80.99
13.62 -1.18010 80.99
13.66 -1.28020 80.95
13.72 -1.35490 80.95
13.78 -1.48010 80.94
13.82 -1.64470 80.89
13.88 -1.73740 80.89
13.92 -1.89600 80.87
13.98 -1.99570 80.87
14.01 -2.14650 80.85
14.07 -2.21590 80.85
14.09 -2.15930 80.80
14.13 -1.88100 80.80
14.17 -0.69940 80.76
14.20 -0.65850 80.74
14.26 -0.65850 80.74
14.29 -0.65660 80.68
14.35 -0.65850 80.68
14.39 -0.65850 80.62
14.44 -0.65740 80.62
14.50 -0.65850 80.59
14.53 -0.65850 80.59
14.58 -0.65850 80.52
14.62 -0.65810 80.52
14.57 -0.65850 80.51
14.65 -0.65850 80.51
14.71 -0.65850 80.45
14.75 -0.65850 80.45
14.80 -0.65780 80.39
14.86 -0.65850 80.39
14.90 -0.65510 80.32
14.97 -0.65850 80.27
15.01 -0.65850 80.27
15.06 -0.65850 80.24
15.10 -0.65850 80.24
15.15 -0.65850 80.20
15.22 -0.65850 80.20
15.26 -0.65850 80.18
15.32 -0.65850 80.15
15.35 -0.65850 80.15
15.41 -0.65850 80.09
15.45 -0.65850 80.09
15.52 -0.65850 80.06
15.54 -0.65780 80.06
15.61 -0.65810 80.00
15.67 -0.65850 79.96
15.71 -0.65850 79.96
15.76 -0.65850 79.95
15.80 -0.65850 79.95
