0.40 0.11850 167.46
0.32 0.11850 167.41
0.32 0.11810 167.41
0.40 0.11770 167.34
0.40 0.11850 167.25
0.35 0.11850 167.25
0.33 0.11770 167.19
0.35 0.11850 167.15
0.39 0.11850 167.15
0.50 0.11810 167.11
0.49 0.11810 167.11
0.62 0.11810 167.06
0.62 0.11920 167.01
0.69 0.11920 167.01
0.76 0.11890 166.99
0.91 0.11890 166.99
1.02 0.11850 166.98
1.08 0.11960 167.02
1.18 0.11850 167.02
1.28 0.11850 167.06
1.40 0.11850 167.06
1.47 0.11810 167.10
1.57 0.11850 167.16
1.74 0.11810 167.16
1.81 0.11890 167.24
2.01 0.11890 167.33
2.11 0.11810 167.33
2.18 0.11850 167.38
2.26 0.11850 167.38
2.40 0.11850 167.44
2.54 0.11850 167.49
2.60 0.11810 167.49
2.69 0.11850 167.58
2.77 0.11890 167.58
2.83 0.11850 167.65
2.99 0.11920 167.76
3.02 0.11810 167.76
3.09 0.11850 167.85
3.19 0.11810 167.85
3.26 0.11810 167.94
3.32 0.11850 167.99
3.37 0.11810 167.99
3.53 0.11850 168.05
3.52 0.11850 168.05
3.65 0.11850 168.10
3.72 0.11920 168.18
3.79 0.11890 168.18
3.85 0.11850 168.23
3.94 0.11850 168.23
3.98 0.11810 168.26
3.99 0.11810 168.26
4.12 0.11850 168.26
4.17 0.11850 168.26
4.26 0.11960 168.29
4.29 0.11850 168.29
4.38 0.11850 168.31
4.36 0.11770 168.31
4.49 0.11850 168.31
4.58 0.11920 168.33
4.56 0.11810 168.33
4.69 0.11810 168.34
4.68 0.11850 168.34
4.80 0.11740 168.33
4.80 0.11810 168.33
4.91 0.11850 168.34
4.96 0.11850 168.30
5.00 0.11850 168.30
5.11 0.11810 168.26
5.15 0.11920 168.25
5.21 0.11850 168.25
5.20 0.11850 168.25
5.25 0.11890 168.25
5.30 0.11770 168.25
5.39 0.11920 168.29
5.43 0.11810 168.29
5.49 0.11890 168.31
5.53 0.11810 168.31
5.65 0.11850 168.36
5.72 0.11890 168.36
5.69 0.11850 168.36
5.78 0.11810 168.38
5.85 0.11810 168.38
5.92 0.11770 168.35
6.00 0.11850 168.35
5.96 0.11850 168.35
6.04 0.11850 168.33
6.09 0.11810 168.33
6.16 0.11810 168.31
6.24 0.11810 168.31
6.23 0.11850 168.33
6.30 0.11810 168.31
6.33 0.11810 168.31
6.46 0.11850 168.29
6.44 0.11850 168.29
6.56 0.11810 168.27
6.53 0.11810 168.29
6.67 0.11770 168.29
6.71 0.11850 168.31
6.76 0.11810 168.31
6.82 0.11770 168.39
6.85 0.11770 168.39
6.86 0.11850 168.45
6.92 0.11890 168.49
7.01 0.11810 168.49
7.05 0.11810 168.52
7.15 0.11890 168.58
7.22 0.11810 168.58
7.26 0.11850 168.63
7.23 0.11850 168.63
7.36 0.11850 168.73
7.42 0.11850 168.85
7.41 0.11810 168.85
7.47 0.11850 168.94
7.56 0.11850 168.94
7.56 0.11770 169.04
7.59 0.11850 169.18
7.72 0.11890 169.18
7.73 0.11890 169.33
7.82 0.11850 169.33
7.79 0.11890 169.51
7.86 0.11920 169.70
7.89 0.11850 169.70
8.04 0.11890 169.89
8.00 0.11890 169.89
8.12 0.11960 170.09
8.17 0.11890 170.30
8.21 0.11850 170.30
8.23 0.11920 170.49
8.34 0.11920 170.49
8.36 0.11960 170.66
8.45 0.11960 170.66
8.43 0.11960 170.80
8.49 0.12040 170.95
8.53 0.11960 170.95
8.57 0.12000 171.11
8.70 0.12000 171.11
8.74 0.12040 171.27
8.80 0.11960 171.27
8.78 0.11960 171.45
8.83 0.12080 171.54
8.91 0.12040 171.54
8.99 0.12040 171.61
8.98 0.12080 171.61
9.11 0.12080 171.66
9.09 0.12150 171.74
9.14 0.12110 171.74
9.24 0.12110 171.84
9.33 0.12110 171.84
9.37 0.12150 171.94
9.34 0.12190 172.01
9.46 0.12110 172.01
9.52 0.12230 172.04
9.56 0.12230 172.04
9.57 0.12230 172.06
9.61 0.12340 172.05
9.64 0.12260 172.05
9.79 0.12380 172.04
9.76 0.12380 172.04
9.89 0.12380 172.02
9.84 0.12450 172.02
9.94 0.12450 171.99
10.04 0.12560 171.99
10.02 0.12560 171.99
10.08 0.12600 171.99
10.18 0.12680 171.99
10.19 0.12640 171.99
10.20 0.12820 171.91
10.27 0.12860 171.91
10.33 0.12940 171.84
10.42 0.13010 171.75
10.42 0.13010 171.75
10.55 0.13120 171.65
10.53 0.13160 171.65
10.64 0.13270 171.60
10.63 0.13270 171.60
10.73 0.13390 171.56
10.81 0.13540 171.49
10.87 0.13540 171.49
10.84 0.13650 171.35
10.90 0.13800 171.35
10.98 0.13910 171.29
11.01 0.14020 171.19
11.11 0.14020 171.19
11.08 0.14100 171.10
11.16 0.14320 171.10
11.18 0.14320 171.01
11.32 0.14550 171.01
11.37 0.14740 170.91
11.34 0.14810 170.79
11.38 0.14960 170.79
11.49 0.15110 170.71
11.53 0.15230 170.71
11.61 0.15300 170.63
11.63 0.15560 170.58
11.69 0.15750 170.58
11.71 0.15860 170.51
11.81 0.16050 170.51
11.84 0.16160 170.45
11.84 0.16460 170.41
11.95 0.16500 170.41
11.97 0.16760 170.40
12.06 0.16910 170.40
12.15 0.17100 170.38
12.19 0.17330 170.38
12.18 0.17440 170.31
12.24 0.17740 170.25
12.27 0.17700 170.25
12.34 0.17850 170.23
12.36 0.18000 170.23
12.50 0.18220 170.19
12.55 0.18260 170.19
12.58 0.18340 170.19
12.61 0.18340 170.23
12.68 0.18300 170.23
12.68 0.18260 170.20
12.72 0.18340 170.19
12.79 0.18220 170.19
12.82 0.18190 170.19
12.97 0.18150 170.23
12.93 0.17960 170.23
12.98 0.17890 170.23
13.03 0.17770 170.24
13.14 0.17660 170.24
13.11 0.17550 170.19
13.23 0.17510 170.18
13.33 0.17290 170.18
13.29 0.17100 170.18
13.37 0.17020 170.18
13.41 0.16800 170.18
13.47 0.16690 170.20
13.56 0.16420 170.20
13.54 0.16280 170.23
13.60 0.16090 170.23
13.70 0.16050 170.27
13.79 0.15900 170.30
13.74 0.15670 170.30
13.84 0.15560 170.36
13.86 0.15490 170.36
13.90 0.15340 170.44
14.01 0.15340 170.51
14.03 0.15150 170.51
14.08 0.15040 170.59
14.10 0.14960 170.63
14.17 0.14850 170.63
14.23 0.14810 170.63
14.34 0.14810 170.68
14.38 0.14740 170.68
14.37 0.14700 170.75
14.39 0.14620 170.75
14.51 0.14620 170.83
14.60 0.14660 170.89
14.59 0.14660 170.89
14.68 0.14700 171.02
14.66 0.14660 171.02
14.77 0.14740 171.21
14.84 0.14770 171.39
14.89 0.14740 171.39
14.88 0.14810 171.55
14.92 0.14890 171.71
15.06 0.15040 171.71
15.01 0.15110 171.90
15.16 0.15230 171.90
15.13 0.15340 172.05
15.19 0.15450 172.16
15.23 0.15490 172.16
15.29 0.15640 172.25
15.39 0.15820 172.25
15.43 0.16050 172.36
15.46 0.16200 172.36
15.52 0.16420 172.48
15.62 0.16570 172.58
15.66 0.16800 172.58
15.68 0.16910 172.65
15.70 0.17140 172.65
15.79 0.17470 172.71
15.88 0.17740 172.79
15.92 0.17960 172.79
15.98 0.18190 172.89
15.94 0.18490 172.90
16.04 0.18640 172.90
16.06 0.19050 172.90
16.12 0.19240 172.90
16.16 0.19570 172.89
16.22 0.19990 172.89
16.26 0.20290 172.86
16.37 0.20770 172.76
16.37 0.20920 172.76
16.47 0.21300 172.63
16.50 0.21640 172.63
16.51 0.22050 172.52
16.61 0.22720 172.39
16.69 0.23020 172.39
16.66 0.23480 172.25
16.79 0.23920 172.25
16.76 0.24410 172.06
16.82 0.24820 171.91
16.89 0.25350 171.91
16.98 0.25730 171.79
17.02 0.26320 171.79
17.01 0.26890 171.66
17.13 0.27340 171.55
17.20 0.28010 171.55
17.22 0.28390 171.43
17.24 0.28950 171.43
17.30 0.29400 171.30
17.41 0.30000 171.20
17.40 0.30560 171.20
17.44 0.30860 171.10
17.47 0.31430 170.98
17.57 0.31730 170.98
17.62 0.32140 170.86
17.71 0.32360 170.86
17.75 0.32660 170.75
17.73 0.32740 170.75
17.86 0.32930 170.65
17.91 0.33080 170.52
17.98 0.33040 170.52
17.93 0.33000 170.40
18.03 0.32930 170.40
18.03 0.32810 170.34
18.15 0.32740 170.34
18.21 0.32550 170.29
18.19 0.32330 170.24
18.26 0.32060 170.24
18.36 0.31800 170.20
18.36 0.31570 170.20
18.43 0.31200 170.16
18.48 0.30830 170.11
18.55 0.30260 170.11
18.55 0.30040 170.04
18.66 0.29440 170.04
18.72 0.28880 169.99
18.75 0.28390 169.99
18.81 0.27830 169.94
18.82 0.27340 169.86
18.91 0.26810 169.86
18.91 0.26400 169.83
19.06 0.26030 169.83
19.03 0.25500 169.77
19.10 0.25200 169.77
19.15 0.24820 169.73
19.25 0.24450 169.69
19.25 0.24000 169.69
19.34 0.23740 169.66
19.31 0.23320 169.66
19.40 0.23100 169.61
19.48 0.22880 169.60
19.54 0.22540 169.60
19.57 0.22350 169.60
19.61 0.22240 169.60
19.68 0.22120 169.60
19.67 0.22010 169.61
19.76 0.21970 169.61
19.83 0.21970 169.60
19.90 0.22010 169.59
19.92 0.21940 169.59
19.98 0.22010 169.61
20.03 0.22010 169.61
20.10 0.22050 169.63
20.14 0.22240 169.64
20.13 0.22390 169.64
20.26 0.22540 169.68
20.27 0.22760 169.68
20.37 0.23020 169.76
20.37 0.23250 169.81
20.44 0.23510 169.81
20.47 0.23660 169.88
20.52 0.24110 169.88
20.55 0.24260 169.95
20.66 0.24750 169.95
20.68 0.25130 169.95
20.78 0.25540 170.04
20.80 0.25990 170.04
20.81 0.26250 170.08
20.84 0.26890 170.08
20.90 0.27190 170.08
21.03 0.27900 170.08
21.03 0.28160 170.08
21.11 0.28840 170.08
21.12 0.29480 170.08
21.24 0.29960 170.10
21.23 0.30790 170.08
21.27 0.31160 170.08
21.32 0.31870 170.09
21.41 0.32550 170.09
21.45 0.33300 170.06
21.47 0.34050 170.06
21.54 0.34730 170.06
21.60 0.35810 170.06
21.70 0.36380 170.06
21.65 0.37240 170.00
21.76 0.37800 170.00
21.77 0.38850 169.96
21.89 0.39450 169.96
21.97 0.40540 169.89
21.96 0.41810 169.80
22.03 0.42560 169.80
22.04 0.43650 169.69
22.15 0.44470 169.69
22.18 0.45640 169.59
22.22 0.46500 169.48
22.31 0.47700 169.48
22.29 0.48900 169.39
22.40 0.49800 169.39
22.37 0.50850 169.34
22.49 0.51900 169.24
22.49 0.52990 169.24
22.55 0.53660 169.18
22.66 0.54790 169.18
22.72 0.55540 169.15
22.71 0.56550 169.13
22.75 0.57450 169.13
22.87 0.58050 169.10
22.84 0.58690 169.10
22.95 0.59250 169.06
22.99 0.59960 169.06
22.99 0.60220 169.06
23.12 0.60680 169.04
23.17 0.61090 169.04
23.24 0.61240 169.05
23.23 0.61500 169.05
23.26 0.61610 169.05
23.32 0.61760 169.05
23.36 0.61650 169.05
23.41 0.61540 169.05
23.49 0.61460 169.05
23.53 0.61120 169.06
23.64 0.60600 169.06
23.64 0.60150 169.09
23.67 0.59470 169.11
23.72 0.58990 169.11
23.83 0.58130 169.13
23.83 0.57640 169.13
23.87 0.56740 169.14
23.92 0.55690 169.19
24.00 0.55010 169.19
24.09 0.54190 169.19
24.16 0.53620 169.21
24.20 0.52650 169.21
24.20 0.52160 169.21
24.29 0.51340 169.21
24.31 0.50630 169.19
24.39 0.49730 169.15
24.39 0.48600 169.15
24.43 0.47930 169.13
24.48 0.46990 169.15
24.62 0.46390 169.15
24.64 0.45750 169.15
24.62 0.45340 169.15
24.78 0.44850 169.16
24.75 0.44360 169.16
24.83 0.44060 169.16
24.87 0.43650 169.21
24.90 0.43390 169.21
24.96 0.43130 169.25
25.07 0.42970 169.25
25.03 0.42750 169.26
25.11 0.42710 169.33
25.23 0.42640 169.33
25.24 0.42680 169.34
25.27 0.42750 169.34
25.37 0.42970 169.35
25.43 0.43130 169.40
25.39 0.43420 169.40
25.53 0.43690 169.44
25.52 0.44100 169.44
25.60 0.44660 169.46
25.69 0.45070 169.48
25.72 0.45560 169.48
25.75 0.45940 169.58
25.78 0.46500 169.58
25.80 0.47030 169.66
25.91 0.47850 169.66
25.90 0.48340 169.74
25.97 0.49420 169.81
26.03 0.50440 169.81
26.10 0.51070 169.90
26.12 0.52090 169.90
26.16 0.52880 170.00
26.28 0.54260 170.05
26.26 0.54860 170.05
26.39 0.56100 170.10
26.35 0.57380 170.10
26.51 0.58500 170.11
26.50 0.59960 170.11
26.60 0.60900 170.16
26.59 0.62660 170.15
26.65 0.63680 170.15
26.70 0.65210 170.14
26.76 0.66450 170.14
26.77 0.68140 170.09
26.84 0.70280 170.00
26.87 0.71290 170.00
26.93 0.73690 169.95
27.05 0.75230 169.89
27.05 0.77250 169.89
27.13 0.78680 169.81
27.14 0.80850 169.71
27.20 0.83290 169.71
27.25 0.84790 169.61
27.31 0.87000 169.61
27.36 0.88840 169.51
27.40 0.91430 169.36
27.51 0.93110 169.36
27.52 0.95510 169.24
27.57 0.97200 169.24
27.60 0.99710 169.09
27.71 1.02970 169.01
27.71 1.04660 169.01
27.77 1.07060 168.93
27.84 1.08940 168.93
27.85 1.11520 168.85
27.95 1.13440 168.79
27.96 1.15760 168.79
28.05 1.18500 168.74
28.11 1.20260 168.74
28.09 1.22590 168.71
28.15 1.24240 168.71
28.26 1.26600 168.69
28.31 1.28360 168.65
28.37 1.30570 168.65
28.43 1.31920 168.58
28.46 1.34140 168.58
28.47 1.35900 168.58
28.52 1.37210 168.54
28.60 1.38670 168.54
28.64 1.39730 168.50
28.70 1.41070 168.45
28.71 1.41790 168.45
28.79 1.42720 168.41
28.84 1.43700 168.41
28.95 1.44110 168.41
28.92 1.44600 168.41
29.04 1.44970 168.41
29.02 1.45390 168.38
29.15 1.45650 168.38
29.11 1.45840 168.40
29.21 1.46060 168.41
29.23 1.46020 168.41
29.35 1.45950 168.51
29.35 1.45800 168.51
29.45 1.45390 168.55
29.42 1.45120 168.55
29.54 1.44560 168.60
29.57 1.44040 168.63
29.66 1.43400 168.63
29.69 1.42720 168.64
29.74 1.42270 168.64
29.76 1.41640 168.65
29.87 1.41340 168.65
29.86 1.40890 168.65
29.90 1.40660 168.60
29.96 1.40360 168.60
30.03 1.40170 168.59
30.11 1.40100 168.58
30.09 1.39800 168.58
30.21 1.39760 168.54
30.18 1.39760 168.54
30.27 1.39800 168.55
30.36 1.40140 168.55
30.39 1.40400 168.55
30.47 1.41000 168.59
30.46 1.41900 168.59
30.52 1.42500 168.60
30.55 1.43770 168.61
30.68 1.44600 168.61
