0.40 0.12040 181.58
0.37 0.11960 181.58
0.35 0.11890 181.60
0.36 0.12000 181.60
0.38 0.11920 181.61
0.38 0.12040 181.64
0.34 0.11960 181.64
0.39 0.11960 181.69
0.38 0.12000 181.73
0.50 0.11920 181.73
0.51 0.11920 181.79
0.59 0.11920 181.83
0.70 0.11960 181.83
0.71 0.11890 181.89
0.85 0.11890 181.89
0.84 0.11960 181.91
0.94 0.12000 181.96
1.05 0.11920 181.96
1.22 0.11960 182.02
1.27 0.11850 182.02
1.39 0.11920 182.10
1.50 0.11890 182.10
1.61 0.11960 182.21
1.76 0.12040 182.33
1.84 0.12000 182.33
1.99 0.11960 182.45
2.05 0.11960 182.59
2.15 0.11960 182.59
2.26 0.11960 182.75
2.34 0.11960 182.75
2.45 0.11890 182.95
2.55 0.11960 182.95
2.63 0.11890 183.11
2.81 0.11960 183.30
2.87 0.11960 183.30
2.99 0.11960 183.45
2.98 0.12040 183.63
3.08 0.11960 183.63
3.18 0.12000 183.80
3.30 0.11960 183.80
3.36 0.11960 183.96
3.43 0.11960 183.96
3.47 0.11920 184.15
3.51 0.11960 184.35
3.68 0.11920 184.35
3.68 0.11960 184.54
3.81 0.11890 184.54
3.78 0.11960 184.70
3.88 0.11920 184.70
3.99 0.11960 184.88
4.08 0.12000 185.05
4.12 0.11920 185.05
4.16 0.11850 185.20
4.19 0.12000 185.33
4.26 0.11850 185.33
4.31 0.11890 185.44
4.45 0.11960 185.58
4.42 0.11960 185.58
4.59 0.11920 185.71
4.58 0.12000 185.77
4.71 0.11890 185.77
4.70 0.12000 185.85
4.82 0.11960 185.85
4.84 0.11960 185.89
4.90 0.11960 185.89
5.00 0.11920 185.98
5.01 0.11960 186.06
5.04 0.11920 186.06
5.14 0.11960 186.19
5.19 0.11960 186.19
5.27 0.11960 186.26
5.27 0.11920 186.26
5.38 0.11960 186.35
5.44 0.12000 186.45
5.42 0.12000 186.45
5.50 0.11960 186.51
5.56 0.11960 186.51
5.62 0.11890 186.55
5.72 0.12000 186.61
5.75 0.12000 186.61
5.79 0.11960 186.64
5.86 0.11960 186.64
5.88 0.11960 186.68
5.97 0.12040 186.71
6.01 0.11960 186.71
6.07 0.12000 186.71
6.08 0.11920 186.71
6.19 0.12000 186.76
6.24 0.12110 186.75
6.26 0.12000 186.75
6.32 0.12000 186.71
6.41 0.11960 186.71
6.48 0.12040 186.69
6.44 0.12000 186.69
6.54 0.11960 186.74
6.57 0.12110 186.71
6.65 0.12080 186.71
6.73 0.12040 186.69
6.79 0.12080 186.69
6.82 0.12000 186.66
6.83 0.12110 186.61
6.87 0.12080 186.61
6.97 0.12080 186.56
7.02 0.12110 186.56
7.09 0.12110 186.54
7.07 0.12150 186.50
7.18 0.12150 186.50
7.17 0.12110 186.48
7.32 0.12190 186.48
7.32 0.12150 186.49
7.35 0.12230 186.50
7.41 0.12080 186.50
7.49 0.12150 186.48
7.49 0.12190 186.48
7.55 0.12110 186.48
7.61 0.12260 186.49
7.64 0.12150 186.49
7.76 0.12150 186.51
7.79 0.12230 186.51
7.85 0.12190 186.58
7.85 0.12190 186.58
7.91 0.12230 186.61
8.00 0.12230 186.69
8.02 0.12190 186.69
8.09 0.12230 186.70
8.16 0.12230 186.71
8.25 0.12230 186.71
8.25 0.12230 186.73
8.32 0.12260 186.73
8.41 0.12230 186.75
8.41 0.12300 186.79
8.42 0.12190 186.79
8.48 0.12230 186.83
8.53 0.12190 186.83
8.62 0.12230 186.86
8.63 0.12190 186.86
8.72 0.12230 186.90
8.80 0.12230 186.89
8.79 0.12190 186.89
8.90 0.12190 186.89
8.95 0.12230 186.89
8.98 0.12150 186.85
9.02 0.12300 186.81
9.08 0.12150 186.81
9.08 0.12150 186.77
9.19 0.12150 186.77
9.19 0.12150 186.76
9.31 0.12230 186.76
9.31 0.12260 186.74
9.38 0.12300 186.68
9.38 0.12230 186.68
9.51 0.12260 186.58
9.52 0.12230 186.58
9.59 0.12230 186.50
9.68 0.12300 186.44
9.73 0.12230 186.44
9.74 0.12230 186.36
9.78 0.12190 186.36
9.86 0.12190 186.31
9.87 0.12230 186.23
9.99 0.12190 186.23
10.05 0.12230 186.15
10.06 0.12300 186.15
10.11 0.12230 186.06
10.19 0.12260 186.06
10.17 0.12230 185.99
10.23 0.12340 185.90
10.30 0.12300 185.90
10.36 0.12300 185.79
10.42 0.12300 185.79
10.51 0.12300 185.73
10.52 0.12340 185.69
10.53 0.12300 185.69
10.59 0.12380 185.65
10.68 0.12340 185.65
10.68 0.12340 185.61
10.73 0.12410 185.55
10.87 0.12410 185.55
10.84 0.12450 185.52
10.92 0.12450 185.52
11.01 0.12520 185.50
11.06 0.12560 185.50
11.03 0.12560 185.50
11.17 0.12560 185.49
11.15 0.12600 185.49
11.18 0.12560 185.49
11.33 0.12640 185.48
11.28 0.12680 185.48
11.39 0.12680 185.45
11.39 0.12750 185.45
11.52 0.12790 185.44
11.48 0.12860 185.41
11.63 0.12820 185.41
11.66 0.12900 185.39
11.73 0.13010 185.38
11.71 0.12940 185.38
11.80 0.13010 185.35
11.87 0.13090 185.35
11.89 0.13120 185.33
11.97 0.13090 185.33
11.97 0.13160 185.30
12.05 0.13270 185.35
12.11 0.13310 185.35
12.18 0.13390 185.31
12.16 0.13390 185.31
12.23 0.13460 185.31
12.27 0.13460 185.31
12.34 0.13420 185.29
12.42 0.13610 185.26
12.51 0.13570 185.26
12.55 0.13610 185.23
12.57 0.13690 185.19
12.59 0.13650 185.19
12.68 0.13650 185.20
12.75 0.13610 185.20
12.72 0.13650 185.20
12.77 0.13650 185.20
12.91 0.13650 185.25
12.97 0.13650 185.35
13.00 0.13610 185.35
13.01 0.13650 185.41
13.02 0.13610 185.41
13.16 0.13610 185.44
13.21 0.13610 185.48
13.26 0.13570 185.48
13.31 0.13540 185.56
13.33 0.13500 185.56
13.43 0.13420 185.68
13.42 0.13390 185.68
13.48 0.13420 185.73
13.50 0.13420 185.84
13.57 0.13390 185.84
13.61 0.13350 185.99
13.70 0.13270 185.99
13.70 0.13200 186.14
13.77 0.13270 186.23
13.86 0.13160 186.23
13.90 0.13090 186.43
13.93 0.13120 186.56
13.93 0.13120 186.56
14.04 0.13090 186.73
14.14 0.13010 186.73
14.14 0.12970 186.90
14.16 0.13010 187.11
14.28 0.12940 187.11
14.26 0.12940 187.27
14.37 0.12970 187.27
14.36 0.12940 187.38
14.43 0.12940 187.48
14.52 0.12900 187.48
14.57 0.12970 187.54
14.61 0.12900 187.54
14.70 0.12860 187.55
14.69 0.12940 187.58
14.72 0.12820 187.58
14.81 0.12940 187.59
14.81 0.12900 187.59
14.88 0.12940 187.63
14.98 0.13010 187.61
15.04 0.12970 187.61
15.05 0.12970 187.60
15.16 0.12970 187.60
15.15 0.13050 187.63
15.26 0.13050 187.63
15.21 0.13010 187.58
15.28 0.13120 187.49
15.33 0.13120 187.49
15.42 0.13240 187.40
15.49 0.13200 187.40
15.49 0.13270 187.36
15.58 0.13350 187.21
15.57 0.13350 187.21
15.71 0.13390 187.09
15.78 0.13500 187.09
15.79 0.13500 187.00
15.81 0.13610 186.88
15.89 0.13610 186.88
15.92 0.13610 186.76
15.94 0.13760 186.76
16.07 0.13800 186.64
16.09 0.13990 186.54
16.14 0.13910 186.54
16.21 0.13990 186.46
16.23 0.14290 186.40
16.31 0.14290 186.40
16.28 0.14290 186.36
16.43 0.14440 186.36
16.39 0.14510 186.35
16.47 0.14620 186.38
16.60 0.14740 186.38
16.64 0.14920 186.36
16.67 0.15000 186.35
16.69 0.15070 186.35
16.70 0.15110 186.29
16.80 0.15230 186.29
16.81 0.15260 186.26
16.90 0.15450 186.26
16.96 0.15640 186.25
16.97 0.15790 186.20
17.04 0.15900 186.20
17.11 0.16050 186.19
17.17 0.16200 186.19
17.18 0.16280 186.15
17.23 0.16390 186.14
17.28 0.16500 186.14
17.38 0.16610 186.14
17.37 0.16760 186.14
17.47 0.16800 186.13
17.53 0.17020 186.16
17.60 0.16990 186.16
17.65 0.17020 186.16
17.68 0.17060 186.16
17.71 0.17100 186.16
17.73 0.17100 186.15
17.87 0.17060 186.15
17.83 0.17020 186.09
17.92 0.16990 186.09
17.92 0.16910 186.04
18.07 0.16910 186.04
18.10 0.16840 185.94
18.09 0.16800 185.81
18.19 0.16650 185.81
18.27 0.16540 185.66
18.31 0.16540 185.51
18.35 0.16350 185.51
18.43 0.16280 185.39
18.41 0.16160 185.39
18.48 0.15970 185.29
18.52 0.15900 185.15
18.58 0.15790 185.15
18.69 0.15670 185.01
18.70 0.15560 184.93
18.76 0.15380 184.93
18.81 0.15300 184.80
18.80 0.15150 184.80
18.87 0.15070 184.69
18.98 0.15000 184.58
18.96 0.14850 184.58
19.03 0.14770 184.46
19.07 0.14740 184.46
19.15 0.14620 184.33
19.25 0.14620 184.23
19.25 0.14470 184.23
19.28 0.14400 184.10
19.38 0.14360 184.10
19.36 0.14320 184.05
19.46 0.14320 183.99
19.49 0.14210 183.99
19.57 0.14210 183.96
19.59 0.14140 183.95
19.66 0.14170 183.95
19.69 0.14140 183.93
19.72 0.14170 183.93
19.83 0.14170 183.89
19.91 0.14210 183.90
19.95 0.14140 183.90
20.00 0.14210 183.91
19.99 0.14210 183.91
20.05 0.14290 183.91
20.13 0.14320 183.94
20.18 0.14360 183.94
20.19 0.14400 183.96
20.29 0.14510 183.96
20.34 0.14510 184.00
20.42 0.14590 184.00
20.42 0.14700 184.00
20.47 0.14850 184.05
20.50 0.14960 184.08
20.57 0.15000 184.08
20.63 0.15070 184.11
20.67 0.15190 184.11
20.78 0.15300 184.15
20.74 0.15410 184.15
20.88 0.15450 184.19
20.88 0.15670 184.19
20.94 0.15710 184.16
21.02 0.15970 184.21
21.07 0.16090 184.21
21.09 0.16200 184.18
21.18 0.16390 184.18
21.20 0.16570 184.16
21.22 0.16690 184.16
21.31 0.16800 184.16
21.34 0.17060 184.13
21.43 0.17250 184.13
21.48 0.17400 184.10
21.54 0.17620 184.10
21.54 0.17850 184.14
21.64 0.18150 184.13
21.61 0.18220 184.13
21.68 0.18520 184.13
21.72 0.18670 184.13
21.79 0.18970 184.10
21.89 0.19240 184.08
21.92 0.19460 184.08
21.95 0.19720 184.02
21.98 0.19910 184.02
22.01 0.20210 183.95
22.16 0.20470 183.94
22.13 0.20620 183.94
22.21 0.20960 183.90
22.23 0.21110 183.90
22.32 0.21450 183.85
22.36 0.21710 183.85
22.43 0.21970 183.83
22.51 0.22240 183.85
22.52 0.22430 183.85
22.60 0.22540 183.88
22.57 0.22690 183.88
22.63 0.22760 183.91
22.76 0.22990 183.90
22.80 0.23060 183.90
22.79 0.22990 183.93
22.90 0.23100 183.93
22.93 0.23100 183.96
23.01 0.23100 183.99
23.00 0.23020 183.99
23.14 0.22910 184.00
23.17 0.22760 184.00
23.17 0.22760 184.05
23.23 0.22610 184.05
23.26 0.22500 184.04
23.35 0.22270 184.04
23.40 0.22160 184.04
23.45 0.21940 184.04
23.48 0.21710 184.04
23.58 0.21490 184.08
23.57 0.21190 184.10
23.63 0.20920 184.10
23.67 0.20590 184.13
23.78 0.20440 184.19
23.83 0.20140 184.19
23.84 0.19990 184.20
23.89 0.19650 184.20
23.90 0.19390 184.21
24.00 0.19120 184.21
24.00 0.18940 184.21
24.15 0.18790 184.19
24.13 0.18560 184.19
24.20 0.18300 184.14
24.20 0.18110 184.14
24.32 0.17960 184.08
24.39 0.17770 184.01
24.44 0.17510 184.01
24.47 0.17440 183.99
24.52 0.17250 183.99
24.52 0.17170 184.00
24.56 0.17100 183.99
24.67 0.17020 183.99
24.69 0.16990 183.94
24.80 0.16910 183.94
24.86 0.16870 183.91
24.86 0.16840 183.91
24.90 0.16760 183.91
24.98 0.16840 183.93
25.01 0.16840 183.93
25.10 0.16870 183.98
25.14 0.16910 184.00
25.14 0.16950 184.00
25.18 0.17020 184.04
25.25 0.17100 184.04
25.31 0.17170 184.10
25.39 0.17360 184.24
25.46 0.17400 184.24
25.45 0.17510 184.38
25.56 0.17590 184.38
25.57 0.17810 184.50
25.69 0.18000 184.60
25.65 0.18150 184.60
25.74 0.18220 184.74
25.76 0.18490 184.74
25.88 0.18600 184.94
25.87 0.18900 185.15
25.93 0.18970 185.15
26.04 0.19240 185.36
26.06 0.19570 185.36
26.13 0.19760 185.52
26.15 0.20060 185.52
26.21 0.20290 185.70
26.21 0.20550 185.81
26.31 0.20810 185.81
26.38 0.21110 185.95
26.41 0.21450 185.95
26.50 0.21710 186.09
26.50 0.22120 186.25
26.54 0.22310 186.25
26.60 0.22690 186.38
26.65 0.22880 186.38
26.73 0.23360 186.52
26.79 0.23700 186.63
26.80 0.24070 186.63
26.90 0.24530 186.77
26.90 0.24940 186.91
26.96 0.25350 186.91
26.99 0.25610 187.05
27.06 0.26180 187.14
27.10 0.26440 187.14
27.17 0.26930 187.21
27.18 0.27450 187.21
27.26 0.27790 187.31
27.35 0.28280 187.45
27.35 0.28540 187.45
27.44 0.29030 187.54
27.44 0.29330 187.54
27.51 0.29810 187.59
27.59 0.30110 187.64
27.64 0.30520 187.64
27.63 0.30900 187.71
27.69 0.31200 187.83
27.74 0.31430 187.83
27.86 0.31650 187.91
27.85 0.31840 187.91
27.96 0.31910 188.00
27.98 0.32170 188.09
28.05 0.32170 188.09
28.12 0.32250 188.15
28.10 0.32290 188.15
28.22 0.32290 188.25
28.23 0.32250 188.35
28.33 0.32100 188.35
28.31 0.31990 188.43
28.42 0.31910 188.43
28.42 0.31800 188.51
28.53 0.31540 188.55
28.51 0.31280 188.55
28.62 0.30980 188.55
28.65 0.30790 188.55
28.69 0.30300 188.52
28.70 0.30040 188.48
28.77 0.29590 188.48
28.83 0.29100 188.45
28.86 0.28730 188.41
28.92 0.28280 188.41
28.95 0.28010 188.35
29.07 0.27560 188.34
29.09 0.27150 188.34
29.14 0.26700 188.30
29.16 0.26440 188.23
29.27 0.26060 188.23
29.27 0.25540 188.16
29.35 0.25160 188.16
29.37 0.24790 188.11
29.44 0.24490 188.11
29.50 0.24070 188.05
29.60 0.23770 188.02
29.58 0.23440 188.02
29.66 0.23060 187.99
29.68 0.22880 187.99
29.77 0.22650 187.99
29.77 0.22460 187.99
29.87 0.22350 187.91
29.93 0.22310 187.81
29.99 0.22090 187.81
29.99 0.21970 187.71
30.08 0.21860 187.71
30.07 0.21790 187.61
30.16 0.21790 187.51
30.17 0.21750 187.51
30.29 0.21710 187.46
30.36 0.21750 187.46
30.33 0.21830 187.39
30.43 0.21940 187.31
30.47 0.22050 187.31
30.52 0.22200 187.20
30.56 0.22390 187.13
30.68 0.22430 187.13
30.70 0.22610 187.05
30.74 0.22880 186.96
30.74 0.23060 186.96
30.79 0.23210 186.85
30.86 0.23550 186.77
30.97 0.23810 186.77
30.99 0.23960 186.68
31.06 0.24410 186.59
31.03 0.24560 186.59
31.14 0.24940 186.55
31.13 0.25240 186.55
31.26 0.25650 186.48
31.27 0.26140 186.40
31.28 0.26320 186.40
31.39 0.26770 186.38
31.42 0.27150 186.38
31.48 0.27640 186.38
31.46 0.28010 186.43
31.51 0.28570 186.43
31.56 0.28950 186.46
31.67 0.29440 186.46
31.64 0.30040 186.50
31.70 0.30560 186.54
31.79 0.31130 186.54
31.85 0.31570 186.55
31.89 0.32210 186.60
31.94 0.32590 186.60
31.97 0.33190 186.65
31.99 0.33900 186.65
32.05 0.34430 186.73
32.13 0.35250 186.76
32.16 0.35620 186.76
32.14 0.36380 186.84
32.19 0.36940 186.90
32.23 0.37690 186.90
32.31 0.38140 186.98
32.40 0.38850 186.98
32.38 0.39600 187.01
32.44 0.40160 187.05
32.48 0.40760 187.05
32.56 0.41290 187.08
32.58 0.41890 187.08
32.67 0.42300 187.02
32.69 0.42710 187.02
32.73 0.43420 187.02
32.82 0.43880 187.00
32.82 0.44330 187.00
32.84 0.44550 186.94
32.88 0.45000 186.85
32.98 0.45230 186.85
32.99 0.45490 186.71
33.07 0.45600 186.71
33.10 0.45860 186.64
33.12 0.46090 186.59
33.22 0.46120 186.59
33.24 0.46200 186.54
33.33 0.46200 186.48
33.29 0.46090 186.48
33.38 0.46050 186.40
33.42 0.45830 186.40
33.50 0.45600 186.38
33.57 0.45380 186.35
33.57 0.45000 186.35
33.63 0.44700 186.35
33.63 0.44290 186.27
33.73 0.43990 186.27
33.71 0.43610 186.25
33.82 0.43240 186.25
33.84 0.42710 186.26
33.92 0.42000 186.26
33.92 0.41740 186.27
33.95 0.41140 186.29
34.03 0.40610 186.29
34.10 0.40130 186.27
34.09 0.39680 186.27
