-0.32 -0.04570 60.41
-0.32 -0.04540 60.41
-0.32 -0.04570 60.41
-0.32 -0.04570 60.44
-0.32 -0.04690 60.44
-0.31 -0.04690 60.46
-0.31 -0.04690 60.46
-0.28 -0.04610 60.46
-0.25 -0.04650 60.46
-0.22 -0.04730 60.45
-0.15 -0.04730 60.46
-0.11 -0.04760 60.46
-0.04 -0.04690 60.47
0.02 -0.04760 60.47
0.11 -0.04730 60.46
0.18 -0.04760 60.49
0.28 -0.04800 60.49
0.39 -0.04910 60.49
0.47 -0.04870 60.49
0.58 -0.04800 60.49
0.66 -0.04840 60.49
0.79 -0.04800 60.50
0.87 -0.04730 60.50
1.00 -0.04870 60.51
1.10 -0.04760 60.51
1.22 -0.04730 60.51
1.36 -0.04870 60.51
1.44 -0.04910 60.51
1.56 -0.04690 60.51
1.64 -0.04800 60.51
1.75 -0.04800 60.49
1.82 -0.04610 60.47
1.92 -0.04730 60.47
2.04 -0.04760 60.45
2.10 -0.04800 60.45
2.20 -0.04690 60.43
2.26 -0.04760 60.43
2.35 -0.04760 60.44
2.41 -0.04800 60.44
2.50 -0.04610 60.43
2.56 -0.04570 60.41
2.65 -0.04760 60.41
2.73 -0.04690 60.43
2.79 -0.04610 60.43
2.87 -0.04610 60.44
2.92 -0.04570 60.44
3.00 -0.04570 60.43
3.06 -0.04570 60.43
3.13 -0.04460 60.41
3.21 -0.04570 60.39
3.26 -0.04610 60.39
3.33 -0.04650 60.35
3.38 -0.04690 60.35
3.45 -0.04650 60.33
3.50 -0.04540 60.33
3.57 -0.04650 60.30
3.61 -0.04540 60.30
3.68 -0.04610 60.26
3.77 -0.04730 60.24
3.80 -0.04690 60.24
3.87 -0.04610 60.19
3.91 -0.04800 60.19
3.98 -0.04690 60.16
4.03 -0.04610 60.14
4.09 -0.04690 60.14
4.17 -0.04690 60.14
4.21 -0.04610 60.14
4.27 -0.04650 60.11
4.31 -0.04570 60.11
4.38 -0.04730 60.09
4.43 -0.04690 60.09
4.48 -0.04800 60.08
4.53 -0.04840 60.08
4.59 -0.04730 60.05
4.66 -0.04730 60.05
4.70 -0.04870 60.04
4.76 -0.04870 60.04
4.80 -0.04730 60.00
4.86 -0.04650 59.99
4.90 -0.04800 59.99
4.95 -0.04730 59.95
5.03 -0.04730 59.95
5.07 -0.04610 59.93
5.13 -0.04690 59.93
5.17 -0.04690 59.89
5.23 -0.04800 59.89
5.27 -0.04870 59.85
5.33 -0.04690 59.83
5.38 -0.04800 59.83
5.43 -0.04910 59.80
5.50 -0.04800 59.80
5.54 -0.04800 59.79
5.60 -0.04800 59.79
5.64 -0.04800 59.75
5.70 -0.04730 59.75
5.74 -0.04650 59.72
5.80 -0.04800 59.72
5.86 -0.04870 59.72
5.90 -0.04800 59.70
5.96 -0.04760 59.70
6.00 -0.04730 59.70
6.06 -0.04610 59.70
6.10 -0.04650 59.65
6.16 -0.04650 59.65
6.19 -0.04570 59.61
6.26 -0.04690 59.61
6.32 -0.04650 59.61
6.36 -0.04730 59.58
6.42 -0.04730 59.58
6.45 -0.04690 59.54
6.51 -0.04650 59.54
6.55 -0.04650 59.50
6.61 -0.04690 59.50
6.67 -0.04650 59.50
6.71 -0.04690 59.50
6.77 -0.04760 59.47
6.81 -0.04610 59.49
6.87 -0.04610 59.49
6.91 -0.04610 59.50
6.96 -0.04690 59.50
7.01 -0.04730 59.53
7.06 -0.04760 59.53
7.13 -0.04840 59.55
7.16 -0.04760 59.55
7.22 -0.04800 59.56
7.26 -0.04800 59.56
7.32 -0.04870 59.58
7.36 -0.04990 59.59
7.41 -0.04990 59.59
7.48 -0.04950 59.63
7.52 -0.04990 59.63
7.57 -0.04910 59.64
7.61 -0.04870 59.64
7.67 -0.04840 59.66
7.71 -0.04760 59.70
7.77 -0.04800 59.70
7.81 -0.04840 59.71
7.86 -0.04730 59.71
7.93 -0.04730 59.75
7.96 -0.04760 59.79
8.02 -0.04760 59.79
8.06 -0.04730 59.80
8.12 -0.04730 59.80
8.16 -0.04760 59.83
8.22 -0.04460 59.83
8.28 -0.04610 59.84
8.32 -0.04690 59.84
8.37 -0.04650 59.88
8.41 -0.04650 59.88
8.48 -0.04570 59.91
8.51 -0.04610 59.94
8.56 -0.04610 59.94
8.61 -0.04610 59.94
8.66 -0.04650 59.94
8.73 -0.04610 59.94
8.77 -0.04460 59.94
8.82 -0.04570 59.95
8.87 -0.04570 59.95
8.92 -0.04460 59.96
8.96 -0.04540 59.96
9.02 -0.04500 59.96
9.08 -0.04570 59.96
9.11 -0.04540 59.96
9.18 -0.04540 59.96
9.21 -0.04540 59.95
9.27 -0.04610 59.95
9.31 -0.04460 59.95
9.37 -0.04460 59.95
9.41 -0.04500 59.95
9.47 -0.04650 59.94
9.53 -0.04650 59.94
9.57 -0.04650 59.93
9.63 -0.04540 59.93
9.66 -0.04650 59.89
9.72 -0.04650 59.89
9.75 -0.04500 59.90
9.81 -0.04610 59.90
9.88 -0.04540 59.91
9.92 -0.04610 59.94
9.97 -0.04610 59.94
10.01 -0.04570 59.95
10.06 -0.04540 59.95
10.11 -0.04610 59.97
10.16 -0.04570 59.96
10.20 -0.04650 59.96
10.26 -0.04650 59.95
10.32 -0.04570 59.95
10.36 -0.04800 59.93
10.42 -0.04650 59.93
10.46 -0.04650 59.91
10.51 -0.04650 59.91
10.55 -0.04610 59.90
10.61 -0.04610 59.90
10.68 -0.04610 59.89
10.71 -0.04690 59.89
10.77 -0.04690 59.89
10.81 -0.04690 59.89
10.87 -0.04690 59.89
10.90 -0.04760 59.89
10.96 -0.04760 59.89
11.00 -0.04610 59.89
11.05 -0.04760 59.90
11.12 -0.04730 59.89
11.16 -0.04800 59.89
11.21 -0.04800 59.89
11.26 -0.04760 59.89
11.31 -0.04730 59.90
11.35 -0.04730 59.89
11.40 -0.04800 59.89
11.47 -0.04840 59.89
11.51 -0.04840 59.89
11.57 -0.04870 59.86
11.61 -0.04840 59.83
11.67 -0.04950 59.83
11.70 -0.05060 59.80
11.76 -0.05140 59.80
11.79 -0.05210 59.78
11.86 -0.05290 59.72
11.92 -0.05400 59.72
11.96 -0.05590 59.71
12.01 -0.05850 59.71
12.05 -0.05960 59.68
12.11 -0.06000 59.68
12.15 -0.06380 59.68
12.21 -0.06520 59.68
12.27 -0.06670 59.68
12.30 -0.07050 59.64
12.36 -0.07310 59.64
12.40 -0.07610 59.60
12.46 -0.07840 59.58
12.50 -0.08170 59.58
12.55 -0.08630 59.55
12.59 -0.09070 59.55
12.65 -0.09450 59.53
12.72 -0.10160 59.49
12.75 -0.11100 59.49
12.81 -0.11700 59.45
12.85 -0.12640 59.45
12.91 -0.13420 59.44
12.94 -0.14810 59.44
13.00 -0.15750 59.40
13.07 -0.17400 59.38
13.10 -0.19240 59.38
13.15 -0.20550 59.36
13.20 -0.22800 59.36
13.25 -0.24530 59.31
13.29 -0.27000 59.31
13.35 -0.28990 59.30
13.39 -0.32780 59.28
13.45 -0.35170 59.28
13.51 -0.39110 59.28
13.55 -0.43760 59.28
13.61 -0.47590 59.28
13.65 -0.53100 59.28
13.71 -0.56660 59.28
13.74 -0.62290 59.31
13.80 -0.66490 59.31
13.86 -0.73010 59.33
13.90 -0.80550 59.33
13.96 -0.86060 59.30
14.00 -0.95030 59.34
14.05 -1.00090 59.34
14.09 -1.08190 59.38
14.15 -1.14260 59.38
14.19 -1.23340 59.39
14.24 -1.30760 59.39
14.31 -1.41750 59.41
14.35 -1.53900 59.41
14.40 -1.63460 59.43
14.44 -1.76510 59.45
14.50 -1.85170 59.45
14.54 -1.99160 59.49
14.60 -2.09140 59.49
14.65 -2.20430 59.51

