0.34 0.11890 166.99
0.35 0.11960 167.02
0.34 0.11890 167.02
0.32 0.11890 167.09
0.37 0.11890 167.19
0.43 0.11890 167.19
0.38 0.11890 167.25
0.40 0.11920 167.25
0.44 0.11890 167.33
0.47 0.11920 167.39
0.56 0.11890 167.39
0.58 0.11810 167.43
0.65 0.11850 167.43
0.70 0.11890 167.52
0.83 0.11890 167.52
0.86 0.11920 167.60
0.96 0.11920 167.68
1.13 0.11850 167.68
1.25 0.11850 167.80
1.35 0.11890 167.80
1.36 0.11890 167.93
1.53 0.11890 168.06
1.59 0.11890 168.06
1.76 0.11890 168.19
1.81 0.11850 168.19
1.98 0.11850 168.30
2.09 0.11890 168.30
2.24 0.11890 168.40
2.32 0.11920 168.48
2.42 0.11920 168.48
2.48 0.11890 168.55
2.54 0.11850 168.55
2.72 0.11810 168.59
2.84 0.11810 168.59
2.86 0.11810 168.63
2.96 0.11890 168.66
3.07 0.11890 168.66
3.08 0.11890 168.68
3.19 0.11890 168.68
3.25 0.11890 168.66
3.37 0.11920 168.66
3.45 0.11890 168.64
3.47 0.11920 168.61
3.55 0.11890 168.61
3.70 0.11890 168.61
3.70 0.11890 168.61
3.80 0.11850 168.66
3.81 0.11890 168.70
3.93 0.11850 168.70
3.97 0.11850 168.79
4.07 0.11850 168.79
4.08 0.11890 168.86
4.18 0.11960 168.90
4.25 0.11920 168.90
4.26 0.11890 168.94
4.36 0.11890 168.94
4.40 0.11890 168.98
4.52 0.11960 168.99
4.54 0.11850 168.99
4.65 0.11920 168.98
4.66 0.11890 168.98
4.76 0.11920 169.05
4.83 0.11960 169.08
4.79 0.11810 169.08
4.90 0.11890 169.13
4.98 0.11890 169.13
4.99 0.11810 169.19
5.06 0.11850 169.25
5.18 0.11920 169.25
5.15 0.11920 169.35
5.27 0.11850 169.35
5.35 0.11920 169.48
5.38 0.11920 169.48
5.37 0.11850 169.56
5.48 0.12000 169.65
5.50 0.12000 169.65
5.63 0.11890 169.77
5.62 0.12000 169.77
5.70 0.12000 169.88
5.71 0.12040 169.96
5.79 0.11960 169.96
5.85 0.11920 170.04
5.93 0.12080 170.08
6.01 0.11960 170.08
6.05 0.11960 170.13
6.08 0.12040 170.13
6.10 0.12080 170.14
6.15 0.12110 170.19
6.26 0.12080 170.19
6.32 0.12110 170.23
6.39 0.12190 170.27
6.39 0.12080 170.27
6.47 0.12230 170.31
6.44 0.12110 170.31
6.56 0.12190 170.30
6.57 0.12260 170.30
6.70 0.12300 170.33
6.76 0.12380 170.33
6.80 0.12340 170.33
6.82 0.12380 170.34
6.84 0.12300 170.34
6.88 0.12260 170.35
7.01 0.12340 170.35
6.97 0.12450 170.33
7.03 0.12520 170.26
7.09 0.12490 170.26
7.22 0.12490 170.24
7.20 0.12520 170.24
7.24 0.12490 170.21
7.29 0.12560 170.15
7.34 0.12520 170.15
7.42 0.12600 170.14
7.50 0.12640 170.14
7.59 0.12640 170.15
7.61 0.12710 170.18
7.67 0.12640 170.18
7.74 0.12640 170.21
7.72 0.12710 170.24
7.81 0.12640 170.24
7.83 0.12680 170.30
7.87 0.12640 170.30
7.95 0.12600 170.31
8.06 0.12680 170.40
8.06 0.12640 170.40
8.07 0.12600 170.50
8.12 0.12640 170.50
8.18 0.12560 170.64
8.27 0.12680 170.73
8.27 0.12520 170.73
8.34 0.12600 170.83
8.46 0.12560 170.83
8.43 0.12560 170.94
8.50 0.12600 171.08
8.57 0.12520 171.08
8.59 0.12490 171.19
8.67 0.12490 171.19
8.67 0.12490 171.30
8.81 0.12450 171.30
8.83 0.12490 171.45
8.85 0.12490 171.60
8.98 0.12490 171.60
9.00 0.12410 171.73
9.06 0.12450 171.73
9.11 0.12410 171.95
9.09 0.12380 171.95
9.24 0.12450 172.16
9.29 0.12450 172.35
9.33 0.12410 172.35
9.38 0.12380 172.51
9.41 0.12340 172.51
9.42 0.12380 172.66
9.46 0.12450 172.79
9.56 0.12410 172.79
9.64 0.12410 172.95
9.69 0.12380 172.95
9.72 0.12450 173.13
9.75 0.12490 173.24
9.77 0.12450 173.24
9.87 0.12450 173.34
9.87 0.12410 173.34
9.98 0.12520 173.44
10.07 0.12560 173.56
10.06 0.12600 173.56
10.08 0.12600 173.65
10.15 0.12600 173.65
10.19 0.12680 173.75
10.29 0.12790 173.81
10.30 0.12710 173.81
10.39 0.12790 173.91
10.39 0.12820 173.91
10.53 0.12900 174.00
10.49 0.12940 174.00
10.60 0.13050 174.08
10.66 0.13160 174.16
10.69 0.13090 174.16
10.67 0.13120 174.26
10.75 0.13270 174.26
10.80 0.13350 174.27
10.87 0.13460 174.26
10.93 0.13500 174.26
10.98 0.13570 174.21
11.08 0.13690 174.21
11.07 0.13840 174.20
11.15 0.13910 174.18
11.16 0.13990 174.18
11.25 0.14060 174.14
11.28 0.14060 174.14
11.36 0.14320 174.04
11.36 0.14400 174.04
11.45 0.14550 173.95
11.54 0.14740 173.88
11.53 0.14810 173.88
11.60 0.14920 173.79
11.63 0.15000 173.70
11.74 0.15260 173.70
11.73 0.15380 173.60
11.75 0.15520 173.60
11.87 0.15600 173.56
11.91 0.15820 173.51
11.94 0.16010 173.51
12.01 0.16160 173.48
12.05 0.16350 173.48
12.15 0.16500 173.38
12.18 0.16650 173.29
12.18 0.16840 173.29
12.27 0.17060 173.24
12.35 0.17100 173.24
12.35 0.17290 173.19
12.40 0.17440 173.15
12.52 0.17550 173.15
12.51 0.17700 173.10
12.62 0.17700 173.10
12.59 0.17810 173.06
12.66 0.17850 173.02
12.70 0.17770 173.02
12.78 0.17810 172.96
12.78 0.17740 172.96
12.91 0.17620 172.94
12.98 0.17660 172.94
12.94 0.17440 172.94
13.02 0.17440 172.96
13.04 0.17330 172.98
13.14 0.17170 172.98
13.21 0.17170 172.96
13.22 0.16990 172.96
13.25 0.16840 172.98
13.37 0.16650 172.95
13.37 0.16540 172.95
13.47 0.16390 172.91
13.45 0.16240 172.91
13.55 0.16120 172.86
13.58 0.15970 172.86
13.65 0.15790 172.79
13.65 0.15600 172.73
13.72 0.15450 172.73
13.81 0.15260 172.70
13.86 0.15150 172.70
13.92 0.15070 172.64
13.90 0.14920 172.64
13.94 0.14850 172.51
14.09 0.14770 172.43
14.07 0.14550 172.43
14.11 0.14510 172.31
14.25 0.14440 172.31
14.23 0.14320 172.20
14.27 0.14360 172.06
14.35 0.14250 172.06
14.42 0.14250 171.95
14.47 0.14140 171.95
14.51 0.14060 171.79
14.60 0.14100 171.79
14.62 0.14100 171.61
14.68 0.14210 171.40
14.71 0.14140 171.40
14.76 0.14210 171.18
14.82 0.14290 170.98
14.85 0.14250 170.98
14.89 0.14290 170.76
14.94 0.14360 170.56
15.05 0.14440 170.56
15.03 0.14470 170.39
15.14 0.14590 170.39
15.20 0.14740 170.20
15.19 0.14810 170.02
15.31 0.14920 170.02
15.33 0.15000 169.85
15.38 0.15070 169.85
15.43 0.15300 169.68
15.52 0.15520 169.50
15.51 0.15640 169.50
15.63 0.15750 169.35
15.61 0.15970 169.35
15.70 0.16090 169.23
15.79 0.16390 169.05
15.83 0.16570 169.05
15.89 0.16800 168.90
15.85 0.17140 168.80
15.99 0.17290 168.80
15.94 0.17550 168.73
16.07 0.17740 168.73
16.12 0.18110 168.69
16.14 0.18340 168.65
16.17 0.18560 168.65
16.22 0.18970 168.63
16.28 0.19160 168.63
16.36 0.19610 168.61
16.45 0.19950 168.59
16.44 0.20250 168.59
16.54 0.20590 168.60
16.54 0.20960 168.60
16.64 0.21490 168.63
16.67 0.21640 168.63
16.66 0.22200 168.63
16.73 0.22570 168.65
16.81 0.23020 168.65
16.87 0.23400 168.70
16.94 0.24150 168.71
16.96 0.24220 168.71
17.02 0.24790 168.73
17.09 0.25460 168.73
17.16 0.25950 168.71
17.12 0.26400 168.70
17.24 0.26850 168.70
17.22 0.27410 168.71
17.34 0.27790 168.71
17.36 0.28390 168.74
17.42 0.29140 168.74
17.44 0.29290 168.74
17.50 0.29890 168.75
17.54 0.30230 168.75
17.60 0.30680 168.76
17.69 0.30940 168.79
17.68 0.31280 168.79
17.82 0.31390 168.77
17.80 0.31610 168.77
17.86 0.31800 168.85
17.96 0.31870 168.85
18.01 0.31840 168.85
18.05 0.31840 168.86
18.08 0.31730 168.93
18.19 0.31500 168.93
18.20 0.31280 168.96
18.25 0.31010 169.04
18.29 0.30830 169.04
18.34 0.30560 169.14
18.43 0.30300 169.14
18.40 0.29850 169.24
18.54 0.29550 169.34
18.51 0.29060 169.34
18.64 0.28730 169.49
18.65 0.28240 169.49
18.68 0.27600 169.63
18.80 0.27260 169.80
18.81 0.26590 169.80
18.89 0.26140 169.93
18.89 0.25580 169.93
18.94 0.25160 170.05
19.02 0.24560 170.16
19.05 0.23920 170.16
19.12 0.23620 170.30
19.15 0.23140 170.41
19.26 0.22880 170.41
19.24 0.22540 170.49
19.30 0.22200 170.49
19.39 0.21860 170.55
19.40 0.21600 170.63
19.43 0.21340 170.63
19.56 0.20960 170.65
19.54 0.20850 170.65
19.66 0.20620 170.70
19.68 0.20440 170.81
19.68 0.20290 170.81
19.80 0.20320 170.88
19.88 0.20170 170.89
19.84 0.20140 170.89
19.96 0.20100 170.93
20.00 0.20210 170.99
20.03 0.20210 170.99
20.08 0.20360 171.04
20.13 0.20440 171.04
20.21 0.20590 171.11
20.22 0.20770 171.18
20.29 0.20890 171.18
20.32 0.21110 171.29
20.38 0.21380 171.36
20.47 0.21600 171.36
20.48 0.21790 171.50
20.54 0.22160 171.63
20.57 0.22390 171.63
20.69 0.22760 171.73
20.65 0.23210 171.81
20.73 0.23480 171.81
20.80 0.23960 171.89
20.89 0.24260 171.89
20.92 0.24790 171.98
20.94 0.25160 172.10
21.02 0.25730 172.10
21.02 0.26060 172.20
21.12 0.26700 172.27
21.11 0.27260 172.27
21.25 0.27750 172.38
21.20 0.28350 172.38
21.34 0.28880 172.41
21.38 0.29660 172.46
21.39 0.30110 172.46
21.44 0.30860 172.55
21.51 0.31650 172.55
21.57 0.32170 172.59
21.57 0.33150 172.56
21.66 0.33710 172.56
21.71 0.34580 172.51
21.80 0.35140 172.51
21.81 0.36080 172.45
21.83 0.36860 172.39
21.88 0.37800 172.39
21.99 0.38780 172.30
21.98 0.39450 172.30
22.06 0.40580 172.21
22.16 0.41480 172.09
22.16 0.42530 172.09
22.18 0.43240 171.96
22.28 0.44400 171.96
22.31 0.45750 171.86
22.42 0.46540 171.76
22.40 0.47740 171.76
22.52 0.48560 171.68
22.49 0.49760 171.56
22.54 0.50440 171.56
22.57 0.51450 171.41
22.67 0.52390 171.29
22.71 0.53250 171.29
22.80 0.54260 171.21
22.79 0.54900 171.21
22.88 0.55730 171.13
22.93 0.56210 171.13
23.02 0.56890 171.08
23.03 0.57340 171.02
23.13 0.57710 171.02
23.15 0.58050 170.99
23.24 0.58280 170.99
23.27 0.58390 170.96
23.29 0.58460 170.96
23.38 0.58390 170.94
23.39 0.58390 170.93
23.39 0.58130 170.93
23.46 0.58010 170.91
23.57 0.57710 170.88
23.56 0.57230 170.88
23.62 0.56890 170.88
23.65 0.56210 170.88
23.80 0.55760 170.85
23.84 0.54940 170.86
23.90 0.54300 170.86
23.93 0.53360 170.88
23.98 0.52280 170.88
24.01 0.51490 170.90
24.01 0.50550 170.95
24.15 0.49870 170.95
24.14 0.48900 171.04
24.25 0.48220 171.04
24.28 0.47330 171.15
24.30 0.46610 171.25
24.36 0.45750 171.25
24.42 0.44810 171.34
24.50 0.44250 171.41
24.53 0.43390 171.41
24.61 0.42790 171.50
24.57 0.42000 171.52
24.64 0.41590 171.52
24.73 0.40800 171.58
24.81 0.40160 171.59
24.87 0.39790 171.59
24.84 0.39380 171.64
24.94 0.39260 171.71
24.94 0.39000 171.71
25.00 0.38930 171.74
25.05 0.38810 171.74
25.16 0.38740 171.79
25.15 0.38620 171.81
25.23 0.38620 171.81
25.31 0.38740 171.77
25.29 0.38810 171.77
25.43 0.38960 171.79
25.43 0.39260 171.76
25.50 0.39490 171.76
25.59 0.39900 171.73
25.58 0.40460 171.73
25.63 0.40840 171.66
25.67 0.41510 171.55
25.78 0.41890 171.55
25.77 0.42560 171.44
25.86 0.43010 171.44
25.89 0.43910 171.29
25.98 0.44470 171.13
26.00 0.45230 171.13
26.06 0.46200 170.99
26.07 0.46950 170.99
26.18 0.48000 170.83
26.23 0.48940 170.66
26.26 0.50140 170.66
26.29 0.50890 170.54
26.34 0.52090 170.54
26.45 0.53510 170.36
26.48 0.54750 170.20
26.53 0.56060 170.20
26.52 0.57000 169.96
26.58 0.58610 169.96
26.70 0.59810 169.73
26.73 0.61460 169.56
26.75 0.62480 169.56
26.82 0.64310 169.35
26.87 0.66410 169.35
26.96 0.67800 169.19
26.99 0.69940 169.06
27.02 0.71140 169.06
27.10 0.73160 168.89
27.08 0.74620 168.89
27.23 0.76910 168.75
27.20 0.79310 168.75
27.25 0.81070 168.61
27.31 0.83620 168.50
27.39 0.85270 168.50
27.39 0.87640 168.40
27.50 0.89470 168.40
27.48 0.91910 168.29
27.61 0.94090 168.20
27.63 0.96600 168.20
27.67 0.99370 168.08
27.70 1.01320 168.08
27.81 1.04140 167.94
27.83 1.06010 167.94
27.86 1.08520 167.84
27.92 1.10700 167.73
27.99 1.13060 167.73
28.07 1.15880 167.58
28.14 1.17670 167.58
28.17 1.19920 167.46
28.16 1.21840 167.36
28.27 1.23820 167.36
28.25 1.25170 167.30
28.29 1.27350 167.30
28.40 1.28770 167.23
28.42 1.30650 167.11
28.54 1.32640 167.11
28.56 1.33760 167.02
28.57 1.35300 167.02
28.67 1.36420 166.91
28.74 1.37770 166.79
28.75 1.38560 166.79
28.83 1.39500 166.69
28.81 1.40440 166.69
28.89 1.41040 166.55
29.00 1.41600 166.44
29.03 1.41790 166.44
29.04 1.42010 166.29
29.09 1.42200 166.18
29.14 1.42120 166.18
29.21 1.42160 166.06
29.31 1.42090 166.06
29.27 1.41940 165.93
29.37 1.41970 165.88
29.37 1.41750 165.88
29.50 1.41710 165.83
29.48 1.41490 165.83
29.59 1.41300 165.74
29.61 1.40960 165.74
29.70 1.40400 165.69
29.73 1.40060 165.64
29.79 1.39460 165.64
29.81 1.38970 165.60
29.89 1.38560 165.60
29.91 1.38260 165.58
29.97 1.38040 165.58
29.99 1.37960 165.58
30.06 1.38040 165.56
30.09 1.38300 165.56
30.15 1.38560 165.56
30.23 1.39010 165.56
30.32 1.39460 165.58
30.29 1.39950 165.58
30.39 1.40440 165.58
30.48 1.41040 165.58
30.49 1.42050 165.58
30.57 1.42720 165.58
30.55 1.44070 165.56
30.65 1.45050 165.56
