-0.32 -0.04310 41.03
-0.32 -0.04460 41.04
-0.31 -0.04280 41.04
-0.32 -0.04310 41.05
-0.31 -0.04310 41.05
-0.31 -0.04240 41.04
-0.30 -0.04280 41.04
-0.28 -0.04280 41.03
-0.25 -0.04280 41.03
-0.21 -0.04280 41.05
-0.15 -0.04350 41.05
-0.10 -0.04310 41.05
-0.03 -0.04390 41.05
0.03 -0.04280 41.05
0.11 -0.04350 41.06
0.17 -0.04350 41.06
0.28 -0.04390 41.05
0.40 -0.04430 41.05
0.48 -0.04390 41.05
0.59 -0.04500 41.08
0.66 -0.04310 41.08
0.79 -0.04460 41.08
0.87 -0.04430 41.08
0.99 -0.04390 41.09
1.09 -0.04430 41.09
1.22 -0.04500 41.06
1.36 -0.04500 41.06
1.44 -0.04500 41.05
1.56 -0.04570 41.03
1.63 -0.04570 41.03
1.75 -0.04500 41.01
1.82 -0.04500 41.01
1.93 -0.04430 40.99
2.03 -0.04460 40.99
2.10 -0.04540 40.97
2.20 -0.04460 40.96
2.26 -0.04390 40.96
2.35 -0.04430 40.95
2.42 -0.04350 40.95
2.50 -0.04390 40.95
2.56 -0.04430 40.94
2.64 -0.04240 40.94
2.73 -0.04430 40.93
2.79 -0.04350 40.93
2.86 -0.04280 40.90
2.93 -0.04280 40.89
3.00 -0.04310 40.89
3.05 -0.04350 40.86
3.13 -0.04310 40.86
3.20 -0.04280 40.84
3.26 -0.04240 40.84
3.33 -0.04310 40.84
3.38 -0.04310 40.84
3.45 -0.04280 40.84
3.50 -0.04430 40.81
3.56 -0.04390 40.81
3.62 -0.04310 40.80
3.68 -0.04430 40.80
3.76 -0.04350 40.78
3.81 -0.04430 40.79
3.87 -0.04350 40.79
3.92 -0.04350 40.78
3.98 -0.04280 40.78
4.02 -0.04310 40.79
4.09 -0.04280 40.79
4.16 -0.04350 40.78
4.21 -0.04350 40.78
4.27 -0.04240 40.76
4.31 -0.04310 40.76
4.38 -0.04280 40.75
4.42 -0.04430 40.75
4.48 -0.04240 40.69
4.52 -0.04200 40.69
4.58 -0.04280 40.68
4.66 -0.04310 40.68
4.70 -0.04390 40.65
4.76 -0.04310 40.65
4.80 -0.04350 40.65
4.86 -0.04280 40.64
4.90 -0.04430 40.64
4.96 -0.04430 40.63
5.03 -0.04310 40.63
5.06 -0.04350 40.63
5.13 -0.04390 40.63
5.17 -0.04240 40.60
5.23 -0.04280 40.60
5.27 -0.04310 40.58
5.34 -0.04280 40.59
5.37 -0.04390 40.59
5.43 -0.04310 40.58
5.50 -0.04350 40.58
5.54 -0.04350 40.56
5.59 -0.04280 40.56
5.64 -0.04310 40.55
5.70 -0.04310 40.55
5.74 -0.04350 40.56
5.80 -0.04310 40.56
5.86 -0.04310 40.54
5.90 -0.04280 40.55
5.96 -0.04240 40.55
6.00 -0.04200 40.55
6.05 -0.04280 40.55
6.10 -0.04310 40.54
6.15 -0.04350 40.54
6.20 -0.04310 40.54
6.25 -0.04390 40.54
6.32 -0.04390 40.54
6.36 -0.04240 40.59
6.41 -0.04240 40.59
6.45 -0.04280 40.59
6.51 -0.04200 40.59
6.55 -0.04310 40.58
6.61 -0.04350 40.58
6.67 -0.04310 40.58
6.71 -0.04310 40.56
6.77 -0.04390 40.56
6.82 -0.04310 40.56
6.87 -0.04240 40.55
6.90 -0.04350 40.55
6.96 -0.04280 40.59
7.00 -0.04460 40.60
7.05 -0.04310 40.60
7.13 -0.04390 40.58
7.16 -0.04390 40.58
7.22 -0.04350 40.59
7.25 -0.04280 40.59
7.31 -0.04240 40.59
7.36 -0.04240 40.59
7.41 -0.04280 40.59
7.49 -0.04390 40.59
7.51 -0.04240 40.59
7.57 -0.04240 40.61
7.61 -0.04160 40.61
7.67 -0.04130 40.59
7.70 -0.04200 40.59
7.77 -0.04200 40.56
7.81 -0.04280 40.58
7.87 -0.04280 40.58
7.93 -0.04430 40.58
7.96 -0.04350 40.58
8.02 -0.04160 40.56
8.06 -0.04160 40.56
8.11 -0.04090 40.56
8.16 -0.04200 40.56
8.21 -0.04160 40.56
8.27 -0.04160 40.56
8.32 -0.04090 40.56
8.37 -0.04160 40.56
8.41 -0.04130 40.58
8.48 -0.04050 40.59
8.51 -0.04010 40.59
8.57 -0.04050 40.59
8.60 -0.04200 40.59
8.66 -0.04090 40.58
8.73 -0.04090 40.59
8.77 -0.04090 40.59
8.82 -0.04050 40.60
8.86 -0.04050 40.60
8.92 -0.04010 40.63
8.96 -0.04050 40.63
9.02 -0.04130 40.64
9.07 -0.04050 40.64
9.11 -0.04130 40.65
9.17 -0.04160 40.65
9.21 -0.04050 40.68
9.27 -0.04240 40.68
9.31 -0.04200 40.68
9.36 -0.04160 40.68
9.40 -0.04090 40.68
9.46 -0.04090 40.68
9.53 -0.04090 40.70
9.57 -0.04010 40.72
9.62 -0.04130 40.72
9.66 -0.04090 40.74
9.72 -0.04090 40.74
9.76 -0.03980 40.74
9.82 -0.04010 40.74
9.88 -0.03980 40.75
9.92 -0.03900 40.75
9.97 -0.03940 40.75
10.01 -0.04010 40.74
10.07 -0.03940 40.74
10.11 -0.04050 40.75
10.17 -0.04130 40.74
10.21 -0.04050 40.74
10.25 -0.04090 40.71
10.32 -0.04200 40.71
10.36 -0.04090 40.72
10.42 -0.04050 40.72
10.46 -0.04200 40.75
10.51 -0.04050 40.75
10.55 -0.04240 40.71
10.61 -0.04280 40.71
10.67 -0.04430 40.71
10.71 -0.04460 40.69
10.77 -0.04240 40.68
10.81 -0.04310 40.68
10.87 -0.04240 40.68
10.90 -0.04160 40.68
10.96 -0.04050 40.68
10.99 -0.04050 40.68
11.05 -0.04050 40.66
11.12 -0.04090 40.66
11.16 -0.04200 40.66
11.22 -0.04130 40.66
11.26 -0.04130 40.66
11.31 -0.04160 40.66
11.35 -0.04050 40.66
11.41 -0.04010 40.68
11.47 -0.04050 40.69
11.51 -0.04090 40.69
11.57 -0.04050 40.69
11.60 -0.04050 40.69
11.66 -0.04050 40.69
11.70 -0.04130 40.69
11.76 -0.04090 40.69
11.79 -0.04010 40.69
11.86 -0.04010 40.68
11.92 -0.04200 40.69
11.96 -0.04090 40.69
12.01 -0.04130 40.72
12.05 -0.04200 40.72
12.11 -0.04280 40.72
12.14 -0.04200 40.72
12.21 -0.04280 40.74
12.27 -0.04310 40.76
12.30 -0.04430 40.76
12.36 -0.04430 40.72
12.40 -0.04390 40.72
12.46 -0.04610 40.74
12.50 -0.04610 40.74
12.55 -0.04570 40.71
12.59 -0.04870 40.71
12.65 -0.05060 40.71
12.71 -0.05320 40.70
12.75 -0.05780 40.70
12.81 -0.06000 40.70
12.84 -0.06230 40.70
12.90 -0.06410 40.70
12.94 -0.06750 40.70
13.00 -0.07010 40.70
13.06 -0.07420 40.70
13.10 -0.07800 40.70
13.16 -0.08100 40.66
13.20 -0.08700 40.66
13.26 -0.09110 40.64
13.30 -0.09820 40.63
13.35 -0.10270 40.63
13.39 -0.10910 40.64
13.45 -0.11590 40.64
13.51 -0.12560 40.65
13.55 -0.14060 40.68
13.60 -0.14890 40.68
13.64 -0.16200 40.68
13.70 -0.17330 40.68
13.74 -0.19120 40.66
13.80 -0.20290 40.66
13.86 -0.22350 40.66
13.90 -0.24940 40.65
13.96 -0.26510 40.65
13.99 -0.28650 40.64
14.05 -0.30520 40.64
14.09 -0.33190 40.68
14.15 -0.35100 40.68
14.19 -0.37800 40.69
14.24 -0.39980 40.69
14.31 -0.43160 40.71
14.35 -0.47030 40.69
14.40 -0.49270 40.69
14.45 -0.52800 40.71
14.50 -0.55460 40.71
14.53 -0.59660 40.74
14.59 -0.62590 40.74
14.65 -0.67200 40.75
14.69 -0.72370 40.75
14.75 -0.76160 40.75
14.80 -0.81710 40.76
14.85 -0.85310 40.76
14.89 -0.90970 40.80
14.94 -0.95140 40.80
14.98 -1.01290 40.83
15.04 -1.05520 40.83
15.10 -1.11790 40.86
15.14 -1.20940 40.85
15.20 -1.25550 40.85
15.23 -1.33120 40.85
15.29 -1.38040 40.85
15.33 -1.45990 40.85
15.39 -1.51840 40.85
15.45 -1.60270 40.85
15.50 -1.71410 40.88
15.55 -1.77410 40.88
15.58 -1.85850 40.89
15.64 -1.93090 40.89
15.69 -2.03250 40.88
15.74 -2.10230 40.90
15.78 -2.17760 40.90
15.83 -2.21440 40.91

