0.44 0.11920 182.31
0.44 0.12000 182.26
0.38 0.11850 182.26
0.46 0.11890 182.18
0.46 0.11920 182.18
0.48 0.11890 182.13
0.43 0.11920 182.09
0.51 0.11890 182.09
0.49 0.11920 182.06
0.58 0.11960 182.06
0.65 0.11960 182.02
0.61 0.12000 182.01
0.76 0.11850 182.01
0.79 0.11960 182.01
0.91 0.11920 182.01
0.94 0.11960 182.02
1.00 0.11920 181.99
1.13 0.11920 181.99
1.26 0.11960 181.94
1.37 0.11920 181.94
1.46 0.11960 181.93
1.56 0.11920 181.91
1.65 0.11960 181.91
1.79 0.11890 181.86
1.93 0.11960 181.86
2.04 0.11960 181.83
2.15 0.12080 181.83
2.26 0.12000 181.83
2.33 0.11920 181.83
2.47 0.11960 181.83
2.54 0.11960 181.77
2.64 0.11960 181.77
2.71 0.11960 181.76
2.82 0.12000 181.79
2.90 0.11920 181.79
2.98 0.11960 181.74
3.04 0.11960 181.74
3.13 0.11920 181.73
3.23 0.11920 181.73
3.28 0.11890 181.66
3.42 0.12000 181.63
3.43 0.11920 181.63
3.60 0.11960 181.55
3.59 0.11890 181.55
3.69 0.11890 181.50
3.71 0.11890 181.50
3.79 0.11850 181.40
3.92 0.12000 181.33
4.01 0.11960 181.33
4.01 0.11920 181.23
4.13 0.11960 181.23
4.17 0.11960 181.15
4.28 0.11920 181.13
4.26 0.11960 181.13
4.39 0.11960 181.11
4.38 0.11920 181.11
4.52 0.11920 181.08
4.59 0.11920 181.05
4.60 0.11920 181.05
4.69 0.11960 181.01
4.69 0.11920 181.01
4.79 0.11960 180.96
4.80 0.11920 180.96
4.94 0.11890 180.93
4.99 0.11960 180.91
5.05 0.11960 180.91
5.09 0.12000 180.91
5.13 0.11890 180.91
5.18 0.11960 180.93
5.24 0.12000 180.91
5.33 0.11960 180.91
5.34 0.11960 180.95
5.40 0.12000 180.95
5.51 0.11960 180.98
5.50 0.11890 181.00
5.57 0.11960 181.00
5.61 0.11960 181.04
5.68 0.11960 181.04
5.73 0.12000 181.04
5.81 0.11960 181.05
5.90 0.11920 181.05
5.96 0.11920 181.08
5.94 0.12040 181.09
6.04 0.11960 181.09
6.03 0.11960 181.09
6.11 0.12080 181.09
6.19 0.12080 181.05
6.22 0.12000 181.02
6.28 0.12040 181.02
6.37 0.12000 181.02
6.40 0.12040 181.02
6.40 0.12000 181.05
6.53 0.12110 181.05
6.50 0.12040 181.05
6.59 0.12080 181.06
6.64 0.12110 181.06
6.72 0.12040 181.04
6.82 0.12150 181.01
6.78 0.12110 181.01
6.87 0.12040 181.01
6.94 0.12080 181.01
6.97 0.12110 181.01
7.06 0.12150 181.06
7.06 0.12150 181.06
7.07 0.12150 181.11
7.20 0.12230 181.11
7.22 0.12190 181.20
7.29 0.12260 181.29
7.31 0.12190 181.29
7.37 0.12260 181.40
7.40 0.12190 181.40
7.52 0.12260 181.55
7.59 0.12230 181.74
7.61 0.12260 181.74
7.60 0.12230 181.86
7.67 0.12260 181.86
7.72 0.12260 182.01
7.79 0.12300 182.01
7.85 0.12300 182.15
7.90 0.12340 182.31
7.93 0.12260 182.31
7.95 0.12230 182.44
8.06 0.12260 182.44
8.07 0.12260 182.58
8.16 0.12340 182.70
8.17 0.12300 182.70
8.28 0.12300 182.85
8.27 0.12300 182.85
8.39 0.12230 183.04
8.48 0.12380 183.26
8.50 0.12300 183.26
8.53 0.12260 183.46
8.61 0.12300 183.46
8.64 0.12300 183.66
8.63 0.12300 183.66
8.73 0.12260 183.85
8.81 0.12340 184.11
8.88 0.12300 184.11
8.88 0.12300 184.34
8.93 0.12260 184.34
8.96 0.12260 184.51
9.07 0.12230 184.51
9.07 0.12190 184.70
9.09 0.12300 184.86
9.19 0.12190 184.86
9.29 0.12300 185.04
9.25 0.12230 185.04
9.40 0.12260 185.20
9.43 0.12260 185.40
9.49 0.12260 185.40
9.49 0.12150 185.60
9.55 0.12300 185.60
9.55 0.12190 185.85
9.65 0.12260 186.09
9.72 0.12260 186.09
9.72 0.12230 186.38
9.80 0.12300 186.38
9.81 0.12260 186.63
9.90 0.12260 186.93
9.90 0.12230 186.93
10.04 0.12230 187.24
10.05 0.12260 187.24
10.16 0.12300 187.54
10.16 0.12260 187.54
10.26 0.12260 187.83
10.24 0.12260 188.13
10.35 0.12300 188.13
10.33 0.12300 188.38
10.40 0.12340 188.38
10.44 0.12380 188.69
10.55 0.12410 188.69
10.59 0.12380 188.91
10.59 0.12450 189.13
10.64 0.12410 189.13
10.73 0.12450 189.35
10.77 0.12450 189.35
10.87 0.12520 189.50
10.91 0.12560 189.50
10.97 0.12560 189.68
11.00 0.12640 189.88
11.04 0.12640 189.88
11.05 0.12560 190.09
11.12 0.12710 190.27
11.20 0.12680 190.27
11.19 0.12680 190.44
11.27 0.12710 190.44
11.32 0.12750 190.59
11.40 0.12940 190.71
11.45 0.12900 190.71
11.52 0.12900 190.79
11.55 0.12970 190.79
11.60 0.13050 190.88
11.70 0.13160 190.89
11.71 0.13090 190.89
11.74 0.13200 190.91
11.77 0.13270 190.91
11.81 0.13270 190.95
11.93 0.13390 190.90
11.97 0.13420 190.90
11.96 0.13500 190.90
12.02 0.13570 190.90
12.08 0.13610 190.94
12.20 0.13690 190.94
12.24 0.13800 190.91
12.23 0.13840 190.93
12.28 0.13910 190.93
12.32 0.13950 190.93
12.40 0.13950 190.93
12.45 0.14020 190.93
12.50 0.14020 190.93
12.55 0.14100 190.98
12.68 0.14210 191.00
12.66 0.14170 191.00
12.74 0.14170 190.95
12.72 0.14170 190.95
12.87 0.14170 190.89
12.88 0.14170 190.83
12.96 0.14170 190.83
12.95 0.14140 190.79
13.03 0.14100 190.79
13.08 0.14060 190.81
13.17 0.14020 190.81
13.14 0.14020 190.83
13.20 0.14100 190.86
13.24 0.13950 190.86
13.39 0.13910 190.91
13.38 0.13880 190.91
13.44 0.13840 190.99
13.45 0.13800 191.02
13.55 0.13760 191.02
13.57 0.13730 191.05
13.65 0.13610 191.05
13.73 0.13540 191.18
13.73 0.13500 191.25
13.76 0.13350 191.25
13.89 0.13460 191.27
13.93 0.13420 191.31
13.96 0.13350 191.31
13.96 0.13270 191.33
14.00 0.13200 191.36
14.07 0.13240 191.36
14.17 0.13160 191.40
14.22 0.13160 191.43
14.24 0.13010 191.43
14.31 0.13090 191.46
14.37 0.13090 191.46
14.41 0.13050 191.54
14.44 0.13050 191.63
14.47 0.12970 191.63
14.52 0.12970 191.71
14.65 0.12970 191.71
14.64 0.12860 191.76
14.69 0.12970 191.73
14.81 0.12940 191.73
14.83 0.12940 191.70
14.82 0.12940 191.70
14.95 0.13010 191.66
15.03 0.12970 191.61
15.00 0.12940 191.61
15.13 0.13010 191.58
15.09 0.12970 191.58
15.22 0.13050 191.56
15.23 0.13120 191.56
15.28 0.13160 191.51
15.30 0.13200 191.44
15.41 0.13160 191.44
15.41 0.13240 191.36
15.48 0.13310 191.36
15.50 0.13270 191.29
15.61 0.13420 191.14
15.59 0.13460 191.14
15.64 0.13500 191.02
15.73 0.13570 191.02
15.84 0.13610 190.86
15.87 0.13730 190.69
15.86 0.13840 190.69
15.93 0.13840 190.51
15.96 0.13950 190.51
16.05 0.14100 190.31
16.11 0.14210 190.11
16.18 0.14250 190.11
16.15 0.14320 189.91
16.30 0.14400 189.91
16.31 0.14510 189.71
16.40 0.14620 189.71
16.36 0.14770 189.54
16.43 0.14890 189.36
16.50 0.15070 189.36
16.60 0.15190 189.20
16.65 0.15380 189.08
16.68 0.15450 189.08
16.69 0.15520 188.95
16.77 0.15710 188.76
16.86 0.15820 188.76
16.85 0.16010 188.58
16.90 0.16240 188.58
16.99 0.16350 188.38
16.99 0.16570 188.16
17.12 0.16690 188.16
17.08 0.16910 187.94
17.19 0.17060 187.94
17.19 0.17250 187.75
17.29 0.17470 187.61
17.30 0.17550 187.61
17.38 0.17700 187.48
17.40 0.17890 187.48
17.52 0.18070 187.38
17.51 0.18190 187.38
17.59 0.18260 187.29
17.68 0.18370 187.23
17.63 0.18490 187.23
17.73 0.18490 187.15
17.75 0.18600 187.15
17.79 0.18560 187.05
17.89 0.18640 186.98
17.96 0.18560 186.98
17.96 0.18490 186.90
18.03 0.18410 186.90
18.14 0.18340 186.83
18.18 0.18260 186.79
18.23 0.18110 186.79
18.29 0.18000 186.74
18.27 0.17850 186.74
18.34 0.17740 186.68
18.40 0.17510 186.64
18.42 0.17400 186.64
18.51 0.17290 186.63
18.55 0.17170 186.63
18.55 0.16910 186.59
18.64 0.16800 186.60
18.76 0.16570 186.60
18.71 0.16350 186.64
18.81 0.16240 186.64
18.82 0.16050 186.68
18.94 0.15940 186.69
18.99 0.15710 186.69
19.00 0.15520 186.73
19.06 0.15380 186.73
19.12 0.15260 186.71
19.22 0.15190 186.70
19.22 0.14960 186.70
19.27 0.14850 186.69
19.35 0.14740 186.69
19.36 0.14700 186.64
19.46 0.14510 186.64
19.45 0.14590 186.64
19.52 0.14470 186.64
19.61 0.14470 186.59
19.66 0.14360 186.59
19.68 0.14320 186.56
19.69 0.14320 186.51
19.81 0.14290 186.51
19.78 0.14290 186.44
19.87 0.14290 186.35
19.97 0.14290 186.35
20.03 0.14290 186.24
20.01 0.14320 186.24
20.13 0.14360 186.13
20.17 0.14440 186.06
20.23 0.14400 186.06
20.19 0.14510 186.00
20.25 0.14550 186.00
20.35 0.14590 185.90
20.40 0.14810 185.80
20.49 0.14770 185.80
20.49 0.14920 185.68
20.55 0.15070 185.58
20.63 0.15150 185.58
20.69 0.15230 185.43
20.74 0.15410 185.43
20.76 0.15600 185.29
20.81 0.15670 185.11
20.80 0.15860 185.11
20.94 0.16010 184.95
20.91 0.16200 184.95
21.01 0.16310 184.85
21.00 0.16540 184.85
21.12 0.16720 184.70
21.20 0.16950 184.56
21.23 0.17170 184.56
21.31 0.17290 184.44
21.33 0.17550 184.44
21.41 0.17700 184.31
21.44 0.18110 184.19
21.42 0.18190 184.19
21.50 0.18490 184.06
21.60 0.18860 184.06
21.58 0.19010 183.96
21.62 0.19420 183.88
21.71 0.19540 183.88
21.80 0.19910 183.81
21.79 0.20140 183.81
21.87 0.20510 183.74
21.96 0.20770 183.74
21.98 0.21150 183.69
22.00 0.21520 183.68
22.12 0.21830 183.68
22.16 0.22240 183.66
22.21 0.22460 183.66
22.26 0.22910 183.70
22.24 0.23100 183.70
22.37 0.23510 183.71
22.42 0.23960 183.76
22.45 0.24260 183.76
22.48 0.24600 183.80
22.55 0.24900 183.80
22.58 0.25160 183.88
22.60 0.25500 183.93
22.68 0.25760 183.93
22.73 0.25880 183.94
22.79 0.26140 183.94
22.85 0.26400 184.00
22.94 0.26480 184.06
22.98 0.26590 184.06
22.99 0.26590 184.18
23.02 0.26630 184.18
23.06 0.26590 184.27
23.20 0.26510 184.39
23.24 0.26360 184.39
23.23 0.26210 184.49
23.29 0.26060 184.49
23.36 0.25910 184.58
23.39 0.25730 184.58
23.43 0.25460 184.64
23.48 0.25160 184.65
23.57 0.24900 184.65
23.61 0.24600 184.65
23.67 0.24220 184.65
23.73 0.23920 184.63
23.71 0.23550 184.60
23.80 0.23140 184.60
23.89 0.22760 184.55
23.87 0.22390 184.55
23.96 0.22010 184.46
24.06 0.21520 184.40
24.09 0.21190 184.40
24.15 0.20810 184.34
24.15 0.20550 184.34
24.23 0.20210 184.27
24.27 0.19910 184.24
24.32 0.19570 184.24
24.39 0.19270 184.25
24.44 0.19010 184.25
24.43 0.18790 184.26
24.58 0.18520 184.20
24.53 0.18300 184.20
24.67 0.18150 184.16
24.64 0.17960 184.16
24.78 0.17850 184.05
24.75 0.17660 184.05
24.88 0.17590 183.94
24.91 0.17550 183.85
24.93 0.17400 183.85
25.00 0.17440 183.75
25.06 0.17440 183.75
25.07 0.17360 183.68
25.12 0.17440 183.68
25.16 0.17400 183.63
25.24 0.17510 183.56
25.33 0.17550 183.56
25.31 0.17590 183.51
25.40 0.17770 183.51
25.48 0.17810 183.44
25.52 0.18000 183.38
25.51 0.18070 183.38
25.60 0.18260 183.33
25.66 0.18490 183.33
25.75 0.18600 183.30
25.72 0.18860 183.27
25.82 0.19010 183.27
25.86 0.19270 183.24
25.90 0.19420 183.24
25.96 0.19720 183.26
26.02 0.19910 183.26
26.09 0.20250 183.25
26.15 0.20620 183.20
26.13 0.20770 183.20
26.17 0.21190 183.14
26.26 0.21490 183.11
26.30 0.21790 183.11
26.37 0.22120 183.09
26.41 0.22540 183.09
26.50 0.22990 183.08
26.52 0.23250 183.08
26.57 0.23700 183.08
26.65 0.24150 183.05
26.63 0.24560 183.05
26.76 0.24860 183.05
26.72 0.25350 183.05
26.81 0.25730 183.02
26.90 0.26400 182.95
26.92 0.26930 182.95
27.00 0.27340 182.90
27.03 0.27940 182.85
27.06 0.28280 182.85
27.11 0.28910 182.85
27.21 0.29330 182.85
27.24 0.29960 182.85
27.27 0.30640 182.85
27.35 0.31160 182.83
27.41 0.31840 182.80
27.40 0.32210 182.80
27.47 0.32780 182.76
27.53 0.33220 182.76
27.59 0.33900 182.69
27.63 0.34310 182.69
27.74 0.34870 182.60
27.73 0.35440 182.60
27.83 0.35850 182.55
27.88 0.36410 182.50
27.94 0.36640 182.50
27.95 0.37010 182.46
28.03 0.37200 182.46
28.02 0.37540 182.44
28.10 0.37760 182.40
28.15 0.37840 182.40
28.16 0.37880 182.38
28.28 0.37990 182.38
28.32 0.37990 182.38
28.32 0.37880 182.39
28.35 0.37730 182.39
28.44 0.37690 182.40
28.48 0.37460 182.40
28.58 0.37160 182.48
28.60 0.36900 182.48
28.69 0.36520 182.60
28.76 0.36230 182.73
28.73 0.35660 182.73
28.83 0.35400 182.86
28.84 0.34840 182.86
28.90 0.34200 182.99
29.02 0.33710 183.08
28.99 0.33040 183.08
29.03 0.32590 183.19
29.10 0.31870 183.19
29.21 0.31460 183.29
29.24 0.30710 183.40
29.23 0.30260 183.40
29.34 0.29590 183.56
29.38 0.29030 183.56
29.44 0.28570 183.73
29.48 0.28010 183.88
29.50 0.27560 183.88
29.61 0.27070 184.04
29.59 0.26700 184.04
29.73 0.26210 184.19
29.71 0.25650 184.38
29.75 0.25310 184.38
29.80 0.25010 184.55
29.88 0.24710 184.55
29.92 0.24450 184.74
30.02 0.24260 184.74
29.98 0.24000 184.94
30.04 0.23890 185.11
30.11 0.23700 185.11
30.19 0.23590 185.30
30.23 0.23440 185.30
30.29 0.23480 185.39
30.33 0.23360 185.39
30.39 0.23360 185.51
30.48 0.23480 185.63
30.55 0.23510 185.63
30.55 0.23660 185.70
30.64 0.23620 185.70
30.68 0.23890 185.79
30.68 0.23960 185.79
30.75 0.24260 185.84
30.80 0.24490 185.93
30.87 0.24710 185.93
30.85 0.24860 186.04
30.97 0.25160 186.04
31.01 0.25580 186.15
31.08 0.25950 186.27
31.06 0.26290 186.27
31.15 0.26550 186.36
31.16 0.27000 186.36
31.24 0.27380 186.40
31.35 0.27940 186.44
31.38 0.28500 186.44
31.39 0.28800 186.46
31.48 0.29400 186.46
31.51 0.29740 186.49
31.57 0.30520 186.51
31.63 0.30830 186.51
31.59 0.31460 186.52
31.69 0.31950 186.52
31.72 0.32660 186.45
31.78 0.33410 186.41
31.79 0.33900 186.41
31.88 0.34690 186.35
31.93 0.35320 186.35
32.00 0.36150 186.36
31.98 0.36750 186.36
32.05 0.37580 186.36
32.11 0.38550 186.38
32.20 0.39260 186.43
32.17 0.40050 186.43
32.26 0.40720 186.45
32.31 0.41630 186.45
32.37 0.42380 186.52
32.39 0.43240 186.52
32.38 0.44030 186.55
32.47 0.45000 186.55
32.51 0.46120 186.55
32.59 0.46800 186.54
32.59 0.47890 186.51
32.68 0.48450 186.51
32.69 0.49270 186.51
32.73 0.49840 186.51
32.79 0.50810 186.55
32.86 0.51790 186.63
32.91 0.52350 186.63
32.93 0.53060 186.69
33.00 0.53510 186.69
32.99 0.54110 186.73
33.08 0.54530 186.73
33.09 0.55050 186.77
33.13 0.55350 186.85
33.19 0.55690 186.85
33.26 0.56100 186.91
33.31 0.56290 186.91
33.33 0.56440 186.98
33.39 0.56590 187.02
33.47 0.56630 187.02
33.45 0.56630 187.04
33.52 0.56550 187.04
33.58 0.56330 187.02
33.63 0.56210 186.98
33.67 0.55870 186.98
33.72 0.55540 186.90
33.77 0.55130 186.83
33.79 0.54750 186.83
33.87 0.54190 186.73
33.90 0.53780 186.73
33.99 0.53100 186.66
33.97 0.52310 186.66
34.09 0.51830 186.56
34.08 0.51040 186.49
34.10 0.50510 186.49
34.13 0.49690 186.40
